page_index,movie_id,title,username,user_id,rating,date,time,comment,useful_count
0,26292682,神秘家族,马什么梅啊,zkn911,还行,2017-04-21,14:57:31,模仿《恐怖游轮》的部分还是有看头的，后面为了正能量而刻意煽情，瞬间整段垮掉。基于真实惨案，案件本身却又如此模糊的带过。,24
0,26292682,神秘家族,大虫,75336952,较差,2017-04-22,02:01:49,全程黑人问号脸。我靠，这么帅的强奸犯，我已经脱好了。,407
0,26292682,神秘家族,🌊🌈,bigAnut,还行,2017-07-01,16:36:06,几个人都弄不死一个。,15
0,26292682,神秘家族,毛病小精灵,chickying,很差,2017-04-21,14:02:46,拜托导演找一个猥琐的大叔来演性侵犯好不好，对方是蓝正龙诶！我都要脑补赛末点了,307
0,26292682,神秘家族,圣墟,152833029,较差,2017-04-21,00:02:21,这四个人怎么看都不像一家人……,303
0,26292682,神秘家族,浩子菌,Manhope888,还行,2017-05-22,14:44:40,我只是喜欢林依晨,9
0,26292682,神秘家族,eros,iear,较差,2017-04-19,14:31:49,林依晨贡献了一种，海豚音演技法。,293
0,26292682,神秘家族,Sofie,yanbigflower,,2018-04-05,02:09:36,谷阿莫,0
0,26292682,神秘家族,朝暮雪,lingrui1995,较差,2017-04-21,00:11:14,穆念慈（惠英红）是黄蓉（林依晨）的妈妈，而黄蓉是杨过（陈晓）的姐姐，这个家族确实挺神秘的。但最神秘的还是女主：1.身为短跑冠军还没有凶手走得快。2.反派死于话多，女主又不是反派，为什么害怕说话。3.下雨天听音乐为什么不吃巧克力。PS：本片教育我们，不接你妈电话是没有好下场的。,231
0,26292682,神秘家族,一抹阳光阳光,185063555,还行,2019-02-17,17:52:06,剧情还是挺靠谱的。,3
0,26292682,神秘家族,御姐控_光崽,natyumi,,2017-04-26,17:32:08,啊啊啊啊啊啊啊就是说这个片子。另外，惠英红好棒。林依晨也很不错（少点尖叫的话）。,3
0,26292682,神秘家族,李燃,155446685,还行,2018-06-24,17:02:20,好帅的变态啊,2
0,26292682,神秘家族,L.C.,Bloodworks,还行,2019-10-27,23:59:22,演员之间没有火花，不像一家人，所以最关键的亲情部分并不点睛，反而让人匪夷所思。仔细想来是因为家人的眼中没有爱，尤其哥哥和爸爸，不但不爱，演技还很尬，这就完全解释不了最后彼此牺牲的动力。可惜了惠英红和林依晨，感觉真的很努力了。,1
0,26292682,神秘家族,龙光彪,42772706,还行,2018-05-14,16:12:07,希望陈晓安琥蓝正龙姜武不要吸毒嫖娼。。。。///上映的时候正值考试，一回来就没有排片了。合格，不是很出彩。依晨啊，什么时候能和大导演合作，剧中人物更饱满一些呢。不希望一个这么好的演员就因为资源不好就这么样子了。。真的好希望她拿金马啊。,2
0,26292682,神秘家族,monica喵,4314650,很差,2017-04-21,00:16:45,噱头倒是搞得很足，但是林依晨的尖叫让我头疼！,155
0,26292682,神秘家族,不懂相负,77161027,还行,2017-05-26,21:23:17,不是很悬疑，不过几位演员还是很喜欢的。,1
0,26292682,神秘家族,刘小青,liuqing2009,,2017-12-19,11:15:22,简直不明所以,0
0,26292682,神秘家族,Talent,58011713,很差,2017-04-21,19:31:30,龙标是2015的…一坨翔。没法理解遇见坏人为啥一个劲地往芦苇荡、小巷、树林里跑。,113
0,26292682,神秘家族,null,sjzqzkn,推荐,2017-04-21,15:29:44,可能是近几年来最好看的国产悬疑B级片，电影背后的真实案件也让人有点发毛。人设上受害者仍然被定义得像是不可理喻的精神病，但主题特别棒：我宁愿在这无尽的噩梦里一直徒劳地逃跑，也只是想把你们留在我身边多一天。,351
0,26292682,神秘家族,静待花开,2123968,较差,2017-04-21,00:14:11,被什么福建灭门惨案吸引，结果导演太烂了,143
0,26292682,神秘家族,喂，有人在吗？,poria,,2017-07-07,15:01:39,谷阿莫,0
0,26292682,神秘家族,风吹屁屁凉,154677514,很差,2017-04-21,05:30:39,悬疑片拍成了惊悚片，导演你真棒，还有林依晨的尖叫声真的吓死宝宝了！拜托下次表演换种方式，宝宝年龄小受不了这种演法！,108
0,26292682,神秘家族,giraffe,4525478,推荐,2017-04-22,00:29:02,情节紧凑，吓到电影院女生尖叫，没有废镜头，故事发展跟看预告片时的想象很不一样。跟家人在一起的时光悠长柔和，和女主那些急促不安的回忆并行。既心疼女主像精神病一样活在自己的幻想中，又感慨她对家人的深情呼唤。林依晨的演技太棒了。#近两年好看的国产片,68
0,26292682,神秘家族,einverne,einverne,,2017-06-28,21:41:07,额，无法评价,0
0,26292682,神秘家族,河狸,helizhanglao,还行,2017-04-21,19:26:32,看之前完全没想过会是这种类型的片子，看完之后看了下编剧和导演的名字，是同一个人，而且是个韩国人，所以也就能理解了，确实是韩国犯罪题材影片的味道。本片可以说是《禁闭岛》版的《土拨鼠之日》，虽然构思不算新颖，剧情也不算复杂，但是气氛渲染和节奏把握得都非常出色。三星半推荐。,22
0,26292682,神秘家族,小女子喜欢花,153850873,较差,2017-04-21,07:44:08,什么根据真实事件改编啊，导演功力太差，看完只记得林依晨足以媲美马景涛的尖叫声,142
0,26292682,神秘家族,阿船,146905375,,2017-04-01,14:49:58,导演上一部叫《记忆碎片》没过四分...白瞎了预告片（白眼,1
0,26292682,神秘家族,光缘恋94,49752817,力荐,2017-04-21,03:12:40,这是讲述的是一个世界上最悲伤的女孩，从希望到绝望，再从绝望中吸取力量的过程。神秘家族，其实不神秘。他们一直都在悲剧之中挣扎，无论戏里戏外都会有扎心之痛，令观者不觉泪落，是怜悯，更是心疼不已。,220
0,26292682,神秘家族,白鲤末栀,74065355,推荐,2017-04-22,13:13:25,我在影院里被吓得瑟瑟发抖，但看影评又发现大家都无动于衷，大概是我打开的方式不对。,41
0,26292682,神秘家族,工藤新一的猴子,72626968,较差,2017-04-21,09:47:39,这电影太失败了，真是浪费了那么多的演技派，两星全给那些优秀的演员们。,80
0,26292682,神秘家族,红藕香残玉簟秋,127437486,较差,2017-04-21,07:40:43,说是悬疑片，拍的跟恐怖片似的，全程就听见林依晨的尖叫声了,94
0,26292682,神秘家族,朴实无华的阳光,2138315,还行,2022-10-15,21:54:09,借鉴《恐怖游轮》的不断轮回悬疑特色，但是剪辑有点混乱，以至于让故事变得更加的复杂，但是恐怖电影并不单单让女主不停地尖叫。,3
0,26292682,神秘家族,离离塬上草,147353927,很差,2017-04-21,05:35:23,噱头搞得倒是怪大，但是剧情怎么就这么对不起观众呢。一直get不到林依晨的演技，这个电影的尖叫式演技又完全对此做了补充，还有声音完全出戏，拜托下次找个配音吧！,67
0,26292682,神秘家族,外苏,suh5213,很差,2017-04-21,21:00:00,什么啊……陈晓拍的跟张益达似的,64
0,26292682,神秘家族,lalalate,summerhj1991,较差,2017-04-13,21:25:04,画虎不成反类犬，套路啊。看得着急。,70
0,26292682,神秘家族,Marcus,79695986,很差,2017-04-21,17:05:11,烂得我看完之后都想自戳双眼，散场时后面的几位老奶奶都在吐槽说这电影是什么玩意。这个棒子导演之前的《记忆碎片》也是类似风格，下一大盘棋但根本不能自圆其说，所以整部片显得相当劣质。林依晨杀猪般的尖叫声真想冲上去扇两嘴巴让她闭嘴惊艳，还有姜武陈晓惠英红为什么都要接这种烂片实在是不懂。,23
0,26292682,神秘家族,会笑的昨天,138576790,很差,2017-04-26,14:41:38,剧情怎么就这么对不起观众呢。,9
0,26292682,神秘家族,路人彦小二,134104313,较差,2017-04-22,00:57:27,烂片归烂片，但是林依晨的演技讲真没的黑。一星给红姐，一星给依晨。你是知道被强奸的女生到底是怎么样吗？不喊叫？每个人都有对角色的理解和诠释，我觉得林依晨诠释的不差，不过电影真的不行，这群都有演技的演员飙不起来,83
0,26292682,神秘家族,曼靑,3335015,推荐,2017-06-04,03:52:15,素媛版的源代码。当苗苗发现一切都无法挽回的时候，她静静地坐到餐桌边望着爸爸妈妈和哥哥，她从前的那些针锋相对再也没有了，她温柔的和他们交谈着、笑着，爸爸起身离开了、哥哥也离开了、妈妈开了微波炉之后也离开了。世界上有很多事是可以挽回的，但也有一些事是无法挽回的，时间就是无法挽回的。,12
0,26292682,神秘家族,谢谢你们的鱼,reave,较差,2017-04-21,22:21:35,有很好的想法，但是在过度炫技和过度故弄玄虚中消磨了初心、我能看出编剧和导演的用心，但是却看不到高明的叙事技巧，中断的《土拨鼠之日》和结尾的莫名都让人为这部电影感到可惜，不是烂片，却非常失败。,13
0,26292682,神秘家族,公元前221年,123002309,较差,2017-04-21,00:41:30,看海报还不错，但是林依晨确实不考虑配个音啥的，不觉得害怕，就觉得闹哄哄以及导演的讲故事能力也是差劲的很。,43
0,26292682,神秘家族,茕茕,41713025,力荐,2017-04-22,00:54:42,被强奸真的是每一个女性最原始的恐惧。我觉得生为男性是很难理解这种恐惧的。电影很好看，但是看得太难受。,45
0,26292682,神秘家族,醉翁之意不在酒,160508750,较差,2017-04-21,07:52:12,这导演是把悬疑片当成恐怖片拍吗,31
0,26292682,神秘家族,云图,64011512,很差,2017-06-03,10:28:23,一星都嫌多，假咦恐怖游轮之形式，装神弄鬼，故弄玄虚，林依晨从头到尾都是哭啊，跑啊，尖叫啊。。。看的真心累，剧终，原来是个教育片，告诉你不要在外面戴着耳机听音乐，更不要不接你妈电话。。。,3
0,26292682,神秘家族,李小庫,leeshiuan,较差,2017-11-06,23:29:54,一场本极有深度的惨案被拍成了这样一部空洞平乏的庸作 绝大多数的问题其实并不在于演员 相反姜武 惠英红这样的老戏骨还一定程度的支撑起了电影的演技 首先从地气上就已然与原有的真实谬之千里 而韩国导演朴裕焕在这部电影所做的 只是让人再一次见证了他那一如《记忆碎片》中化神奇为腐朽“的鬼斧神工”,3
0,26292682,神秘家族,momo,130451028,较差,2017-04-21,00:43:00,被剧情简介骗了，并不悬疑，其实我还是很喜欢林依晨的,31
0,26292682,神秘家族,梦里诗书,57542378,很差,2017-04-21,18:32:05,根据真实灭们惨案的改编，却未能令电影带有真正堪为震撼的力度，《神秘家族》首先从地气上就已然与原有的真实谬之千里，而韩国导演朴裕焕在这部电影所做的，只是让人再一次见证了他那一如《记忆碎片》中化神奇为腐朽“的鬼斧神工”。,15
0,26292682,神秘家族,обломов,glim,很差,2017-08-26,08:16:45,有的东西真不能糊上墙,1
0,26292682,神秘家族,桃花源,127804894,推荐,2017-04-21,19:56:05,"说林依晨演技差的眼瞎了吧。明明林依晨演的很好。
这片不算是悬疑片，是犯罪片。
这电影拍得挺好的，但看到根据真实的故事改编，我的心就难受。电影里的情节，吓到我哭，一想到现实更残酷，就哭得更厉害。
为什么强奸犯得不到严惩?
社会上为什么会有这样的败类?
",24
0,26292682,神秘家族,RYZ,Ricky925,较差,2017-04-26,21:59:12,演技歪、节奏怪、配乐滥、情节有点牵强，但立意还算好,4
0,26292682,神秘家族,华盛顿樱桃树,49213881,较差,2017-04-21,12:59:48,花样百出，也是洋相百出。噱头搞了不老少，悬疑感也的确做得不错，但就是故事本身兜不住。过程类型片的通病。还有个bug就是这四个人怎么看都不像是一家人。但林依晨不错。,13
0,26292682,神秘家族,451½°F™,wanger0619,很差,2019-02-02,09:53:05,空洞無聊的剧本，配以全员欠费的拙劣演技，再次证明华语电影最大的锅还是自以为是又一无是处的编导，而花瓶演员们则会放大这样的效应。,1
0,26292682,神秘家族,zhang 2nd,zhanger,较差,2019-06-30,12:05:11,可惜了，居然还有一日囚的梗,0
0,26292682,神秘家族,梅岭藏殊梅长苏,54153810,较差,2017-05-27,23:42:56,模模糊糊，莫名其妙,1
0,26292682,神秘家族,索博斯基,72882574,还行,2017-08-04,23:46:35,6.5/10，大陆观众最不喜欢看完心情不愉快的电影，他们管这叫烂片。现实中总会有让我们难过时刻。,0
0,26292682,神秘家族,西决,c541223724,很差,2017-06-02,01:56:40,神经病家族，哦，不好意思，不是一个家族，就是一帮神经病,0
0,26292682,神秘家族,ღ 狐不悔，,Gongzi_.Fox,还行,2018-06-06,15:58:59,看了剧透再来看就不恐怖也不搞脑子了。套路还是国外那个套路，不差也没多好，凑合吧。,0
0,26292682,神秘家族,猫语猫寻,mymx,较差,2017-04-25,12:14:56,其实是及格线作品算不得烂片，但称不得好！发自内心的鄙视导演，好故事+好阵容却只拍了个及格线作品。这就像他作为地主拿到了两个王四个2外加一把连结果却被农民斗败了！这种愤恨在牌桌上很难忍，在电影圈更难忍！这样的韩国导演还真希望他能把资源让给中国导演。我还就狭隘了，三星减一星！,3
0,26292682,神秘家族,ILM,3167300,还行,2017-07-03,11:55:47,不是很差，烧脑片，虽然这几年这种类型电影很容易被猜出来，但还行。三星半,0
0,26292682,神秘家族,安蓝·怪伯爵𓆝𓆟𓆜,along,很差,2017-06-18,23:15:53,鼎东客运可是我在台湾坐过最爽的长途巴了！起个什么鬼名字不好非要叫这！以及，两岸三地同宗同源是一家可是这四个人真的没法让我觉得有什么亲情……最后，58同城可真是啥机会都不放过啊！恶心到家……,0
0,26292682,神秘家族,梦侦探,konglinghuanyin,很差,2021-09-12,13:05:09,这么扯真无语,1
0,26292682,神秘家族,阿满的草莓,tamako,还行,2017-06-10,22:51:10,给林依晨的演技,1
0,26292682,神秘家族,又又,wxs723,较差,2017-04-21,20:57:53,全程莫名其妙不知道在讲啥，故弄玄虚的恐怖镜头，旁边大妈们一个劲地说：“哎哟，我的心脏哦，吓死了”……真是浪费这么大卡司阵容,8
0,26292682,神秘家族,Benjamin,131056362,力荐,2017-04-21,12:35:16,有人讲全程听依晨的叫声了，我不知道那人是不是没看过电影还是没有给外界交流过  ……一切都是合情合理的，设身处地去体会角色的处境 如果换做是我，我的家人在我眼前发生那样的状况 我真的会疯 会歇斯底里得嘶吼,222
0,26292682,神秘家族,laflor,laflor,,2018-01-21,00:04:00,熬过第一次梦境就好看了，所以开局很重要啊，惠英红真是什么片子都是影后级，姜武也不错，陈晓你这TV演法，后段有进入状态。,0
0,26292682,神秘家族,MY BMM,2471325,较差,2017-05-24,17:48:20,凑齐一群实力演员过家家,1
0,26292682,神秘家族,岁月无痕,105196709,较差,2017-05-30,20:36:56,后期剪辑太厉害烂片都能剪成大片既视感，然而仅仅存在预告片里。本片有很大程度借鉴了《源代码》、《明日边缘》、《土拨鼠之日》之类的电影，但和《恐怖游轮》完全是两回事，可是只借了个形，剧情毫无严谨可言，尤其最后这都什么鬼，是不是觉得凶手杀人都太好拍了，就一如既往的塞剧情。,0
0,26292682,神秘家族,信电影得永生,38897761,很差,2017-05-23,22:14:02,什么鬼。,0
0,26292682,神秘家族,蔡文淼,45414635,较差,2017-04-22,19:16:07,从片名到情节都有些莫名其妙，悬疑和紧张的气氛营造的不错，但是故事的框架和来龙去脉却展现地不甚明了，很多地方到最后都不能自圆其说，或给出让人豁然开朗的事实真相，于是之前营造的悬疑和紧张就变成了故弄玄虚，可惜了一帮演员卖力的表演。,3
0,26292682,神秘家族,WIKI魏,wikimedia,很差,2018-11-17,16:30:25,2018.11.17 导演你真棒，被你拍成了《神经家族》 负分/10,1
0,26292682,神秘家族,神哥,62478064,较差,2017-06-29,22:17:03,谷阿莫4分版。整个故事野外的事故，到家里人收拾那小子到都爆炸死亡到做梦回想都好，就是最后长跑是个什么结局……,0
0,26292682,神秘家族,cesc,83301964,力荐,2017-04-21,11:27:38,林依晨演技炸裂的好~  电影应该是致敬恐怖游轮吧，加了强奸事件等等的元素，完成度很好，惊喜！,219
0,26292682,神秘家族,彩戏师wala,caixishi,较差,2017-05-25,00:34:54,林依晨丑,1
0,26292682,神秘家族,Boocha麦满分版,159922279,很差,2017-04-21,11:19:25,一星给演员阵容 拍的很烂简直无理取闹,4
0,26292682,神秘家族,Tina,3665615,较差,2017-07-26,10:10:21,大开脑洞的神奇电影，完全找不到任何合理的剧情，作天作地的女主，脑残无极限的一家人，然后加入了陈词滥调的循环概念，却又玩得不清不楚，忽而惊悚，忽而亲情，忽而伦理，主创的脑子根本就是一团浆糊，所以叫什么神秘家族，改名神经病家族票房一定会变理想。倒是可怜了演员们的卖力演出。,0
0,26292682,神秘家族,Raphael C,angelraphael7,还行,2018-02-14,17:19:22,三星,0
0,26292682,神秘家族,艾银,aaaai,较差,2017-05-09,16:37:02,——2017.04.21,0
0,26292682,神秘家族,李湘,leexiang,较差,2022-10-23,15:20:19,我特别喜欢陈晓。但是，把一个悬疑电影拍成恐怖片。而且，尖叫不代表恐怖吧。有点刺耳。演技还需要打磨。这里，我说的不是陈晓。,0
0,26292682,神秘家族,歪歪7,waiwai7,较差,2017-04-22,20:58:17,受人忽悠第一次在电影院里看了国产恐怖片。。一个真实的惨案被拍成这个样子。。脑洞太清奇，无法欣赏,4
0,26292682,神秘家族,Diva Tequila,DivaTequila,较差,2017-05-27,23:43:05,蓝正龙演强奸犯本来就是不科学好么,5
0,26292682,神秘家族,周扒皮,61967566,较差,2017-06-28,01:52:33,看到蓝正龙的脸，感觉是俩人谈恋爱似的。。虽然故事很悲惨，看下来没有表现出女主因XX件，心理崩溃，反而只是觉得她是个自私的人。,1
0,26292682,神秘家族,这巷弄太过弯曲,136399692,力荐,2017-04-21,08:09:40,侦察与反侦察，追踪与反追踪，套路与反套路。国产片无限流开山之作。必须五星。,203
0,26292682,神秘家族,来罐可乐,48933134,较差,2017-06-30,10:58:15,蓝正龙强奸为什么要反抗？,2
0,26292682,神秘家族,盖文张,zjia,还行,2017-04-22,15:42:05,若不是看在林依晨的面子上，真心不必浪费时间看。,4
0,26292682,神秘家族,O型血,UloveWo,较差,2019-02-24,21:49:12,1982年的林依晨不适合演少女，年龄差太多了。https://www.bilibili.com/video/av11730614遇到危险往人多的地方跑，别去偏僻的地方。https://www.bilibili.com/video/av11482053,0
0,26292682,神秘家族,刹那。,79381337,很差,2022-12-09,09:44:09,一个台妹有一个大陆爸爸香港妈妈大陆弟弟 确实很神秘 只有黑衣人和闺蜜也是台湾人 太难了,0
0,26292682,神秘家族,吱吱,67007947,力荐,2017-04-23,10:43:58,姜武好久没演新片子了,4
0,26292682,神秘家族,沈园清客,142844686,力荐,2017-04-21,17:43:45,很好看，吸引人的点叠出，而且情节设置大体妥帖，悬疑恰到好处。就是几个梦境略微有点凌乱，五分鼓励下。,34
0,26292682,神秘家族,babudo,babudo,较差,2018-11-01,17:10:31,垃圾的片子!,0
0,26292682,神秘家族,衣衣,82220829,较差,2017-07-24,00:05:14,剧情混乱，毫无逻辑。国产悬疑的通病，剧本单薄，只知道机械地照搬别人剧情，细节铺陈却差得太远，演员演得努力，也打不了高分。,0
0,26292682,神秘家族,Chapelle L.,SoyQueenaTse,较差,2018-12-16,15:39:36,真受不了林依晨的尖叫和咆哮 那麼橫的性格怎麼不敢面對兇手 連指認都不敢？後來兇手被綑綁的時候怎麼不敢先閹後殺再藏屍？挺好一題材被拍得稀爛 浪費了惠英紅和姜武這樣的好演員 再次強調 不想再看這種膚淺的演戲方式了 對於表達驚恐 憤怒 還有很多方式的 不止只有尖叫咆哮！,2
0,26292682,神秘家族,不是我,s1199,力荐,2017-04-21,17:38:58,我觉得挺好看的，不知道你们到底要什么？总比前几年各种所谓悬疑的瞎制造气氛的片子进步太多了吧，再说林依晨喊得合情合理他就是那个声音怎么了？,42
0,26292682,神秘家族,Danny,loveirina,很差,2017-07-01,14:05:19,看谷阿莫的视频不觉得是烂片，结果好奇心下点开看，呃，连电影开头都拍的那么精分的电影，果然是一路烂了下去。,0
0,26292682,神秘家族,哈克尼宝贝,anylengyue,较差,2017-04-26,20:19:15,应该去看蓝精灵的,2
0,26292682,神秘家族,小姐这是我名片,66887792,推荐,2017-04-21,23:13:17,又看了陈晓一部电影。准确的说，是林依晨主演，还不错。,25
0,26292682,神秘家族,柠檬不好吃,83244806,较差,2018-04-12,19:48:30,剧情最后也没太交代的很清楚，那个杀人犯真的是强奸苗苗那个人？为什么进了她家？？偶然吗？,1
0,26292682,神秘家族,格格木,28628487,还行,2017-05-24,22:50:01,感觉剧情混乱对不起林依晨卖力的演技 虽然很烂但是母女情还是感动我了 什么鬼,0
0,26292682,神秘家族,厕花花,1322481,很差,2017-06-02,18:13:22,看完這部爛片我不禁陷入思考，到底是多麼強大背景的製片方才能拉到這路不搭嘎的好演員來參演這部劇本完全不及格，配樂俗爛得嚇死人的零分電影？P.S.陳曉還真是土的掉渣啊,0
0,26292682,神秘家族,熊能能脚不沾地,newbear,还行,2017-05-23,22:23:51,哪里神秘了？除了效仿了一下各种loop~,1
0,26292682,神秘家族,你一定撩不动我,32835447,还行,2017-09-25,12:08:23,【谷阿莫】怪别人比怪自己会更容易些。泡菜好厉害……,1
0,26292682,神秘家族,徐徐蔡之,143573276,较差,2017-04-21,23:18:25,电影要往《罗拉快跑》无限循环的方向走，却画虎不成反类犬，九块九都不值得浪费时间啊摔！微博上被转到首页的片花吸引才去看的，吃了虚假安利的后遗症就是不敢去洗头发，谁知道一闭眼后面有啥玩意，好生气！！！还有凭什么官方用福建灭门惨案真实案件为噱头，明明很乱七八糟啊,6
0,26292682,神秘家族,大發,blueser,较差,2017-06-29,21:28:41,这片看4分钟就够了,0
0,26292682,神秘家族,Raven,rj289818,很差,2021-05-13,12:38:58,又离谱又难看，吐槽都无从说起，这么一个没有一点让人喜欢的女主是怎么塑造的，离谱，太离谱，,1
0,26292682,神秘家族,Morning,qiweiming750,很差,2017-05-23,10:55:55,casting是不到位的，这样的家族没有互相残杀实在是太可惜了。全片把一半的时间都花在结构上，可惜这个结构已经老土得对主题一点帮助都没有了。只有第一场戏，美好，典型韩国风格的美好，才有那么一点点的神秘。Ps.他们的那个家能不能好好的设计一下呢…,2
0,26292682,神秘家族,长泽小清新,45147002,较差,2017-04-21,22:30:47,为什么不可以给2.5颗星（微笑脸）感觉推动剧情的各个角色都挺没脑子的  闷声作大死看得人真是心急如焚 总之星都是给林依晨的 ,3
0,26292682,神秘家族,草帽岳飞,44290871,较差,2017-07-22,22:56:22,噱头不小，故事不行，电影风格诡异多变，让人摸不着头脑。,0
0,26292682,神秘家族,拝啓、あなたへ,yizhi520,推荐,2017-04-24,04:03:49,我觉得还行嘛，别那么挑剔无情呗。,5
0,26292682,神秘家族,慕詩,147190792,较差,2017-11-01,17:22:09,bug挺多，不好看。,0
0,26292682,神秘家族,一只小锦李,Elizabeth-Lee,较差,2017-08-19,17:06:05,全程？？？？？？,0
0,26292682,神秘家族,恶心心的离远点,59798234,较差,2017-07-29,23:47:39,看的心累，拿个武器不行？？？先拿武器啊,0
0,26292682,神秘家族,不脱袜子同学,lelio,较差,2017-04-22,14:41:12,概念是好的，但是实施起来就差了好多，林依晨是个好演员，希望之后能拍好片子。,6
0,26292682,神秘家族,无可奈何心塞塞,171422541,推荐,2018-02-09,23:20:12,其实这片不好，它根本不能算惊悚片，前面真的无语，但在一家人聚餐时，我真的流泪了,2
0,26292682,神秘家族,度過漫長歲月,mifengyemang,还行,2017-07-01,22:45:17,太可怕了 不知道一个人在家我为什么要看这个 吓哭了,0
0,26292682,神秘家族,yes girl,crystalnian,推荐,2017-04-21,23:33:13,层层梦境，层层抽离补救，不过是为了弥补自己的遗憾而不愿走出来的痛。我也这样，也做过这样只有一个人能存活，层层重复的梦。,16
0,26292682,神秘家族,红白蓝,shendoudou,力荐,2017-04-21,14:14:36,太多平行时空让人不寒而栗，只有这部看似残酷，实则温暖。治愈自己的终将是自己，而爱是一切的动力。,32
0,26292682,神秘家族,馋猫麦昆,rotest105354,很差,2017-04-22,02:08:36,水土不服。,0
0,26292682,神秘家族,bnxkhvs,44766705,很差,2021-11-03,10:44:27,林依晨演技很烂，  ,1
0,26292682,神秘家族,吉光片羽,3841030,力荐,2017-04-21,20:17:42,林依晨好拼 演技很棒 片子整体不错 ,21
0,26292682,神秘家族,JenIna,1105624,,2017-08-27,01:39:01,拉过去的不打分算了……不拉的话可能会给恶评吧……,0
0,26292682,神秘家族,雲無憂,xiyang0101,很差,2018-11-11,00:28:44,神经病家族吧？！,1
1,26292682,神秘家族,幕天席地,119429128,推荐,2017-04-22,08:33:20,剧情很对胃口，林依晨演技还不错啊，有爆发力，红姐更不用说了，本身就给人一种心事重重的感觉，蓝正龙演大反派真是让人咬牙切齿，根据真实事件改编过来更让人毛骨悚然,17
1,26292682,神秘家族,岚小壹时光琐碎,ukimuknow,很差,2017-05-26,14:29:26,我本来对林依晨不多的好感在这部电影里消磨殆尽………,1
1,26292682,神秘家族,ᥫ᭡້໌,Kylin-2015,较差,2017-05-23,18:30:58,真实案件改编，拍的太乱了，蛮喜欢陈晓的，没想到竟然打了个酱油。,3
1,26292682,神秘家族,沧河,51058891,还行,2019-11-04,18:06:41,怨恨母亲是没办法的事，也只有失去后才能忆起爱。,0
1,26292682,神秘家族,慕兰,46261615,较差,2017-04-22,22:45:43,又一个失败的合拍片,4
1,26292682,神秘家族,甲等碳基軀殼,66741731,还行,2017-07-09,12:09:09,父母及哥哥把性侵男绑住了却不杀死莫名其妙。,0
1,26292682,神秘家族,Hoult,Moi-Lolita,力荐,2017-08-08,16:07:36,好久没有蓝正龙的戏可以看 这终于有了！但是！别的都不说 我就想知道蓝正龙演的这个角色没原因么？没理由么？那么为何不找个长相猥琐点儿的人来演 也就解释了他确实就只是个坏人而已…… 哎… 这个坏人的选角实在是…让我想哭   五星分别给五个演员 （老太太原谅我这没有六星不然也给您一颗）,0
1,26292682,神秘家族,拉拉祜是好孩子,angellovesu,较差,2022-10-14,23:57:48,我为大家看烂片2022-020：编剧真的对不起这一票影后影帝，硬伤太多了。首先强奸案要是放在大陆，怎么可能就这么放了；三个成年人（其中还有两个成年男性）竟然打不过一个反派；让蓝正龙演反派也太浪费了吧？,0
1,26292682,神秘家族,komori,i-1992,较差,2021-11-06,16:09:44,该哭的地方还是有被感动到的,0
1,26292682,神秘家族,Miss kikii,27750809,很差,2017-08-19,11:56:33,林依晨反复回到过去某个时刻，狂奔回家救家人，这个梗相当老套，更无聊的是最后就这么不明不白地结束了，家人死了，她继续跑步。中间还穿插着一个说着地方方言，神神叨叨的老太婆，啥也没道明白。前半部分悬疑铺垫了那么多，最后啥也没有，这是在干嘛？！,0
1,26292682,神秘家族,木头Lala,lalalin,较差,2017-05-24,17:32:15,不伦不类的电影名字，苍白的人物形象，混乱的剪辑，故作恐怖的氛围，看在故事其实是好的，只是没讲好的份上，给两颗星。,0
1,26292682,神秘家族,猴嘛,nobpdy,较差,2017-04-23,11:00:09,"最大的bug是姜武居然neng不死蓝正龙，实力派的实力都不在肉上吗？
没怎么看过国产恐怖片，感觉应该有更差的。另外这个片配乐还行。给两星",3
1,26292682,神秘家族,喵喵喵喵喵,MOFA116,较差,2023-01-16,18:57:15,尴尬,0
1,26292682,神秘家族,Celeste,Celeste88,较差,2017-06-24,22:52:34,林依晨最后那幕哭戏让我跟着泪奔了，虽然前面不知拍的啥,0
1,26292682,神秘家族,微v的微v,46175639,较差,2017-05-24,22:46:50,悬疑没做好，结尾不惊艳,0
1,26292682,神秘家族,皮卡丘与精灵球,145845632,很差,2021-08-26,10:15:54,………故弄玄虚…这个故事告诉我们，法律漏洞害人不浅…这个故事告诉我们有病得治，不然害人害己…这个故事告诉我们，私下惩治坏人危险重重…,1
1,26292682,神秘家族,Ironman.,helencli,,2018-02-03,17:33:26,不知道这个导演想在中国干嘛,0
1,26292682,神秘家族,莽果,90693816,还行,2017-07-13,04:41:31,三星都给红姐,0
1,26292682,神秘家族,阿怪,zcs1222,还行,2017-07-16,15:36:48,悬疑片拍成了惊悚片。,0
1,26292682,神秘家族,吃个大香瓜,toutoulan,还行,2017-07-31,17:50:12,虽然有些瑕疵，但是还是值得看的。,0
1,26292682,神秘家族,FWSWU-LLDAF,194663693,很差,2021-12-29,20:03:30,拍出来会很好看但是上映不了和上映的了但是拍的稀烂是大多数华语犯罪片面临的抉择，蓝正龙很帅,0
1,26292682,神秘家族,林落葵,144348684,推荐,2017-04-24,00:37:59,基本上等于看过了。本来想为了陈晓看一下的，但是据说死得很惨就不忍心看了。。电影本身大约可以上7分的样子，题材，走出困境的四重梦境的表现方式，演员的演技，都撑得起这个分数的。亲情主题的电影总是特别容易打动我，不看的原因还有一个就是怕泪奔。可还是心疼晓晓，为什么要接这样的角色呢。。,3
1,26292682,神秘家族,华丽变身馨人,155100740,还行,2017-04-21,21:54:21,看预告片举觉得挺刺激的，可去看了后一点感觉都不恐怖,1
1,26292682,神秘家族,此间有城,123572075,较差,2017-12-27,20:00:49,从剧本的逻辑来看，我都怀疑真实事件的存在性了。蓝正龙强奸我，我也没有那么情愿，也就先脱下来裤子罢了。,0
1,26292682,神秘家族,薇城胤希,43632851,还行,2017-06-16,21:20:28,其实整个电影还不错，就是能找个长相猥琐的来演变态吗，变态还长这么帅？,0
1,26292682,神秘家族,殒,56351830,较差,2017-06-25,22:40:25,看了剧透后，发现脑洞太大，一个值5星的剧本，被导演导成1星，还有1星送给辛苦的演员们。,0
1,26292682,神秘家族,哭泣的坚果,78603515,较差,2017-08-08,21:14:38,额，这个怎么看着这么像《忽然七日》呢。,0
1,26292682,神秘家族,azhen,21212541,很差,2018-03-24,20:59:08,？？？？？？？,0
1,26292682,神秘家族,她她电影,herfilm,很差,2017-06-08,14:38:00,情节漏洞太多了，太假，俗套又无聊,0
1,26292682,神秘家族,沧海一小生,157276889,还行,2017-04-22,09:54:13,林依晨还能演绎这样的片子，刮目相看啊！,4
1,26292682,神秘家族,一声所爱,161646330,力荐,2019-02-17,01:29:28,完全被低估的影片，需要看几遍才能懂，描绘其实非常好,2
1,26292682,神秘家族,Yome,yome,较差,2017-04-23,00:50:24,這節奏好心累..,3
1,26292682,神秘家族,吃饭慢有福气,152987399,推荐,2019-06-23,00:13:57,蓝正龙这么帅的杀手……,0
1,26292682,神秘家族,跟住去邊度,risky7,很差,2017-11-04,00:25:31,莫名其妙 故弄玄虛  毫無邏輯 ,0
1,26292682,神秘家族,oliweiya,80782532,较差,2017-04-26,10:50:04,电影拍的不像电影,0
1,26292682,神秘家族,summer,summer0706,很差,2017-04-23,22:56:42,不管是神经病的梦还是真的穿越，总要有一个主线，不能想哪儿是哪儿吧，这个片子我只能说真是精神病人思路广，从第二次经历同样的时间开始我就看得很郁闷，这个叫什么神秘家族啊，应该叫神秘家族的一百种死法，招儿破了，恐怖就不存在了，我就开始出戏，研究起林依晨的鞋、书包、软壳冲锋衣、手机壳....,1
1,26292682,神秘家族,臭魚本魚,63412313,较差,2017-04-21,22:21:50,闪回了三次还是显得拖沓，打着性侵的噱头拍还魂有点莫名其妙，也不能明说有鬼，导演的执行力有问题啊…不会话说片头连这韩国导演的名字都找不到了？禁韩到这么严重吗？,2
1,26292682,神秘家族,平湘独静,145939323,较差,2017-05-28,23:09:31,跟Triangle差远了,0
1,26292682,神秘家族,Rachel,withrachel,很差,2017-04-21,23:54:04,有病,2
1,26292682,神秘家族,Summer 璇,41782473,很差,2017-06-25,02:33:28,会不会取片名,0
1,26292682,神秘家族,尛 ゐ 貓,53381748,还行,2018-12-15,12:06:17,不同版本的父亲、母亲、弟弟被杀害的镜头，演员阵容庞大。,0
1,26292682,神秘家族,珊瑚海,154018067,较差,2017-06-12,13:55:51,剧情一般～有一种不连贯的感觉～,0
1,26292682,神秘家族,coie,vinacoie,还行,2017-04-25,23:11:08,大同小异的单日循环“悬疑”心理疗伤故事，貌似年初佐伊·达奇的《在我坠落前》也是这种。惠英红的配音实在太出戏。始终觉得，像这种观众已经很熟悉的演员，还是别找相差太远的声音来配的好，即便原声不动听吧，至少够真实（或者说是更有作为艺术的一种美感）,0
1,26292682,神秘家族,美神经,145790989,还行,2017-08-03,23:29:45,林依晨还不错,0
1,26292682,神秘家族,金陵十七妹,K_kk,较差,2017-08-26,12:08:40,不知道为什么非常想动手打女主,0
1,26292682,神秘家族,norris,45319686,较差,2017-05-27,04:49:22,音樂和音效用得爛而且濫，節奏也亂，台詞亂七八糟，電腦特效和表現形式是九十年代嗎？凈感覺一個“土豪”的導演把一堆有品質的演員認真的表演不懂珍惜地胡亂地揮霍給你看。,0
1,26292682,神秘家族,shoon,56815850,很差,2017-05-24,12:34:05,台湾版片名很有意思啊,0
1,26292682,神秘家族,圣村酒保,59387630,较差,2018-05-14,19:04:55,没有好好讲故事，这个不行。,0
1,26292682,神秘家族,RaphaelDSW,RaphaelDeng,较差,2018-06-18,16:20:10,小成本电影，题材不错，能够让人看到经典悬疑片的影子。,0
1,26292682,神秘家族,漆雕,201319248,很差,2022-10-17,07:19:07,悬疑,0
1,26292682,神秘家族,莫愁,minhom,推荐,2017-06-29,22:23:42,根据真实故事改编，太沉重的片子。可是谷阿莫，你为什么要把大魔王称为男主角！大魔王为什么那么要找一个那么帅的来演！,0
1,26292682,神秘家族,钱多多,54984584,力荐,2017-10-18,16:08:53,法鲨你最牛！！！,0
1,26292682,神秘家族,笑万万,48442381,很差,2017-04-27,15:10:03,"《神秘家族》真的是一个好题材
  但编剧和导演的剥皮功力太弱了
  最精彩的父母弟对于“强奸”事发后的细节
  然而全浮于表面 看起来就像个自闭叛逆儿童
  制造的冷暴力家庭 真正做到了除了主角
  全都脸谱化[微笑]",0
1,26292682,神秘家族,byds05,43507289,还行,2018-01-07,14:06:19,说的是如何走出心魔故事，本应该可以讲得更好些,0
1,26292682,神秘家族,吕中中,147949568,还行,2017-06-08,00:44:31,看评论里的自圆其说，影片剧本真的应该再磨磨，给我看的都纳闷了,0
1,26292682,神秘家族,小橡之无限1/27,Sinept,很差,2017-04-29,14:33:02,超级差，什么鬼,2
1,26292682,神秘家族,蛋腚君,ailanyiying,较差,2017-06-24,15:31:22,心疼我的时间,0
1,26292682,神秘家族,季霖,joincaroline,还行,2017-04-21,22:13:01,四位主演都是我比较欣赏的实力派演员，他们是我去看本片的主要原因。林依晨近几年演技真的很棒，成长很快；在泥水中挣扎掉泪的镜头以及各种情绪都表现得很到位。陈晓的演绎一如既往的自然流畅，警察离开他关门时的那个眼神令人印象深刻。从前面的惊悚到后面的泣泪，是苗苗的炼狱之程，惊悚与悬疑共存。,9
1,26292682,神秘家族,闪通㉿,andynihan,推荐,2017-06-04,21:14:01,奔跑的林依晨用“罗拉快跑”式的狂奔一次次把观众带入惊怖的梦魇，也带向解开罪案死局的光明通道。电影背后的真实案件也让人有点发毛。人设上受害者仍然被定义得像是不可理喻的精神病，但主题特别棒：我宁愿在这无尽的噩梦里一直徒劳地逃跑，也只是想把你们留在我身边多一天。真是浪费了那么多的演技派,0
1,26292682,神秘家族,弥海砂,137137727,还行,2018-04-02,19:02:32,在院线看的，还不错。喜欢依晨戏里的睡衣。,0
1,26292682,神秘家族,今者吾丧我,124755820,还行,2018-03-10,19:27:29,女神演技不错,0
1,26292682,神秘家族,最好的时光,151142343,还行,2017-10-06,17:46:54,"剧情空洞。
名不对题。",0
1,26292682,神秘家族,ArielWong,arielwong,推荐,2017-04-22,20:24:55,基本都是演技咖，演技都在线，就是他妈的实在有点吓人，到最后终于看懂这是女主自我救赎走出这场噩梦，活着的人要替那些爱她的人好好活下去，一想到这是个真实故事改编的就觉得有点可怕。,18
1,26292682,神秘家族,朵朵鸭🦍💨,Grace_Xuliang,很差,2017-05-23,08:33:19,竟然能把一个颇有卖点的题材拍到这么差的程度。。我也是从来没有见过林依晨这样歇斯底里地演戏，瞎了我都。可怕得不行。为什么要蓝正龙演坏人，一他长得不像坏人，二怎么有这么帅的坏人。。。感觉一群主演都是凑数随便拉了就上的那种，还不错的卡司拍出来三流国产片的味道，可惜。,0
1,26292682,神秘家族,萌萌的董天真啊,61095404,较差,2019-05-30,13:16:21,这个剧情真是难为了几个演技派,0
1,26292682,神秘家族,狮子大人,58850320,较差,2017-05-30,23:42:35,不知道在讲什么。,0
1,26292682,神秘家族,星卷卷-,82231172,较差,2019-06-20,23:28:31,作天作地…  还来个循环情节 循环的还一点意义都没有 绝了…,0
1,26292682,神秘家族,Aphasiamnesia,48876851,还行,2018-02-15,15:31:11,回不去了，只有走出来。,0
1,26292682,神秘家族,千叶飞花,39555952,力荐,2017-05-24,19:42:21,非常棒的悬疑惊悚片，全员演技在线，让人感受到亲情的温暖，一直守护你的始终是家人！,0
1,26292682,神秘家族,梅林,2340389,较差,2017-05-28,21:31:54,一个获得好几座赛跑冠军奖杯的女孩，被一个打伞步行的强奸犯追上，那一刻，我还以为是刘翔客串。,1
1,26292682,神秘家族,安神补脑meng,beckyvsbecky,还行,2017-05-22,02:32:24,其实挺不错的啊！！！怎么分数这么低！！！非常不懂豆瓣了。。。,2
1,26292682,神秘家族,沁沁,140794516,还行,2017-04-25,13:51:03,尖叫声太无语了，尽管我挺喜欢林依晨的,0
1,26292682,神秘家族,一沙,IsaTam,很差,2017-05-24,22:24:25,实在是太难看了,0
1,26292682,神秘家族,冴木,154773762,较差,2021-12-25,03:56:23,我特别不能理解评论里说找帅哥来演性侵犯这种话……难道就因为是帅哥被性侵就没有伤害了吗？？？？？,0
1,26292682,神秘家族,奇小一,150938101,较差,2017-05-30,23:57:43,没法理解遇见坏人为啥一个劲地往芦苇荡、小巷、树林里跑。,0
1,26292682,神秘家族,野孩子de天空,3774349,推荐,2018-08-03,13:35:28,看的过程有点重复繁琐，但仔细思考，构思还是不错的，虽然悲惨，但又充满温情。,0
1,26292682,神秘家族,伍迪没有艾伦,2521351,很差,2017-08-13,15:27:59,编剧在干嘛？？轮回循环也要逻辑好不好,0
1,26292682,神秘家族,桃子最爱爱丽丝,zookeeper,力荐,2017-05-22,16:04:13,林依晨演技爆表啊，整个片子节奏快不拖沓，叙事也清晰，虽然主演全篇都台词甚少甚至没有也不影响观影。不过真是受不了弹幕那些喷子，什么女主找凶手求再来一次，这是内心多阴暗才说出来的话?还有受不了女主任性拒绝家人关心，我只想说事情不发生在自己身上都是站着说话不腰疼的主。,3
1,26292682,神秘家族,皮卡皮卡皮卡啾,150848902,较差,2017-04-24,14:45:14,女主被坏人QJ，女主妈妈绑了坏人，反遭坏人灭门，比我想的差太多了，瞎扯淡。,2
1,26292682,神秘家族,zqnpz,zqnpz,,2017-07-08,09:48:06,谷阿莫,0
1,26292682,神秘家族,蜗牛淇水汤汤,139224349,推荐,2017-04-22,14:18:31,"这是我看过的华语片中第一部真正意义上治愈系的悬疑片。总的来说，它并不比其它悬疑片差，这种梦中梦让人完全遗失答案的线索。
性侵这种题材用间接而悬疑的方式讲述更有一种出乎意料的冲击力。而林依晨的表现也可圈可点，大叫是为剧情设定，不应被人指点。
值得一看！",11
1,26292682,神秘家族,无忧逍遥,56333481,较差,2017-04-30,11:40:58,实在是剧情很弱充满bug的悬疑片了,0
1,26292682,神秘家族,阿咻,aikimfeo,较差,2017-06-21,22:56:48,杀人犯：我也不知道我在干嘛，导演让我干嘛我就干嘛,0
1,26292682,神秘家族,pauper,41158884,很差,2017-06-03,21:33:40,确实很神秘...,0
1,26292682,神秘家族,祸害王,cindertree,,2017-07-01,16:53:40,这些电影厂商真应该给谷阿莫钱，经过他的剪辑和解说，再烂的电影也好看了，大家都很有演技,0
1,26292682,神秘家族,k**,xihahaha,较差,2019-02-25,23:59:44,又是这种自我重复梗，说明如何处理打断重复情节不让观影过程无聊还是很考验导演水平的,0
1,26292682,神秘家族,Dale,daledisney,还行,2017-05-22,16:42:31,惠英红眼睛一红我就跟着想哭这是为什么？,0
1,26292682,神秘家族,无聊,150948299,较差,2017-05-21,19:45:12,恐怖的氛围不错，故事生硬，演技还算可以,0
1,26292682,神秘家族,自闭症患者,vjessiev,很差,2018-04-21,16:36:18,这导演是新人么？临摹练习的作品？,0
1,26292682,神秘家族,南木可,aiconanao,,2017-05-29,20:42:11,其实我没看懂,0
1,26292682,神秘家族,人生若只初相见,132411090,推荐,2017-07-21,17:47:17,觉得很好看，林依晨的演技很赞，无数重复的梦境开始让人摸不着头脑，后来真相大白，女主放下怨念跟仇恨，实现自我救赎，重新迎接新生活。很有内涵的一部影片，不造为嘛评分这么低！,0
1,26292682,神秘家族,满天星,156103949,还行,2017-04-26,00:28:32,层层递进～,0
1,26292682,神秘家族,ikebukuro,69572287,,2017-12-08,23:31:16,谷阿莫,0
1,26292682,神秘家族,旅途人生,140581573,很差,2017-06-09,09:19:41,不得不承认林依晨演技很棒，但是无奈剧本太烂，这再一次证明选剧本很重要，电影也是一贯的国产惊悚渣片！一个女人走不出过去阴影的故事。虽然引入了亲情线，但是国产渣片一般背后都隐藏家国情怀，修好内功远比加入主题重要！,1
1,26292682,神秘家族,Mickey,98107332,很差,2017-12-23,21:04:06,烧脑版“妈妈再爱我一次”,0
1,26292682,神秘家族,desperado,3841952,很差,2017-05-22,13:36:04,从老婆婆说“你要给他们钱”开始就知道她全家都死了。这就是在说给他们烧钱啊。一个星给片尾曲。,0
1,26292682,神秘家族,无为而治,151820885,推荐,2017-06-30,18:20:29,额⊙∀⊙，至少我很认真看完了，本来是挺可以的，可是结局，苗苗出门，前，四对nike的鞋子，让我恍恍惚惚的，有种感觉，这是一部关于Nike广告电影，一家人的回忆与共同。好吧~_~，说笑的。像恐怖片多过悬疑，厕所那段真感觉鬼片。其实，悬疑更适合，留白，真的不需要太阳光的结局。,0
1,26292682,神秘家族,小人鱼,150805728,较差,2017-05-23,15:55:31,这个尖叫……,0
1,26292682,神秘家族,辛克莱咯噔,145345396,还行,2019-04-23,14:44:35,气氛渲染的特别好，只是忘了它的故事了，只记得…少女陷绝境母亲和哥哥转头就走。不论是不是故意，真的很难原谅。,0
1,26292682,神秘家族,Bounce l,61855461,很差,2017-06-14,21:04:57,好烂的片，导演不行，正确的剧情是这个样的：女主被坏人强奸时妈妈和哥哥提灯路过也错过了，然后找到坏人告他，坏人拒不承认请的律师厉害只得作罢，女主的妈看到坏人在街上开车撞了他然后困回地下室，坏人挣脱出来杀了哥哥和爸爸，妈妈为了保护女儿点燃汽油同归于经，女主在屋外没死但接受不了神经了,0
1,26292682,神秘家族,霐隐,59224567,较差,2018-01-22,20:58:03,这么好的故事，拍成傻子了。朴导演写剧本不错，但不适合当导演,0
1,26292682,神秘家族,灯下尘,136562132,还行,2022-12-05,02:35:32,繁体字样以外看不出取景台湾。老太用方言说词很出戏，惠英红的配音也不好。父子的角色完全没立起来。感受到了演员林依晨的能量。广告植入得很失败。,0
1,26292682,神秘家族,倒带人生,51909458,较差,2018-08-25,15:15:12,这什么结局？？？我还以为是哪个牛逼心理大师 然后happy ending的 这是个啥,0
1,26292682,神秘家族,金汤力。,155362475,还行,2018-09-07,22:24:05,林依晨演技挺好的啊 还有里面的妈妈演的也挺好。总体来说前面有点啰嗦  3.5,1
1,26292682,神秘家族,momo,52906969,还行,2017-11-21,10:43:27,Nike的广告费没白花,0
1,26292682,神秘家族,CobraCB,CobraCB,较差,2017-05-23,04:51:51,特别讨厌林依晨疯了似的叫法，一种在看韩国片的感觉，林依晨+姜武+惠英红这个没有太多槽点的组合出来这么个成品，应该算是失败了吧。,1
1,26292682,神秘家族,轩辕十四,1599911,很差,2017-07-01,19:21:24,可以说是相当难看了。,0
1,26292682,神秘家族,站在最后一天,84529817,,2018-01-25,15:13:02,谷阿莫那里看的，然而谷阿莫版我都没看下去,0
1,26292682,神秘家族,赫本•李,womendeai,较差,2017-05-23,06:25:32,看的真捉急，关键是还看不懂,0
1,26292682,神秘家族,athena,42785643,推荐,2017-05-22,12:25:52,"以经典度来说，四星是多了的。但是这个分数，我觉得从电影主题来讲，很值得。
一，林依晨演技真的很棒。让人想打一顿的固执，不被相信的崩溃，伤心绝望时的嚎啕。很有很有层次。
二，导演把内心的创伤，回复的过程都变成了一个有一个循环的小故事。你的情绪会完全随着故事而进入，然后了解为什么女主会",1
1,26292682,神秘家族,陈薪而,vivi6n,很差,2017-11-13,10:23:42,看的时候还蛮吓人的，看完觉得好演员被猪导演拱了,1
1,26292682,神秘家族,坦荡快乐,1821069,较差,2017-05-23,22:39:43,有点扯。。。。开头还好好的，通过跑步不说话怕身体接触等行为责怪自己当场跑不快求救不了等，但越后越偏离了，虽然是真实案例改编，给我编不下去的感觉。ps一直以为是姜文呢，谁知道是姜武，还有这人物？！,0
1,26292682,神秘家族,哔哟哔,61150890,很差,2017-05-24,21:19:47,谜一样的设定，能拍成这样确实神秘（蓝正龙这张脸有什么可怕的呀）,0
1,26292682,神秘家族,斯坦利•赵,1001195,较差,2017-05-30,08:40:59,低配版的《罗拉快跑》，立意蛮好，就是拍出来的效果差很多，感觉就是各种敷衍。变态杀手有点帅，换成姜武会不会好些？,0
1,26292682,神秘家族,dear fiona,asukayoshioka,较差,2017-07-03,00:51:06,哈哈哈哈谷阿莫说得这电影比冈仁波齐好看多了ner,0
1,26292682,神秘家族,菠萝啤酒,136848278,力荐,2017-04-23,13:14:31,被蓝正龙吓到晚上不敢睡觉……顺便表白林依晨，演的真好，完全能感受到她歇斯底里和恐惧……虽然吓到自己，但是这真的是这几天我看的电影里面最好的一个了,1
1,26292682,神秘家族,旅行者二号,64526967,还行,2017-06-21,21:19:41,两星半，过于走商业化惊悚路子的剧本反而适得其反，这个题材还是应该走真实一些的模式会好一些吧。,0
1,26292682,神秘家族,之恩,21354916,还行,2017-06-08,20:55:25,能拍成这样就不错了，还要求什么,0
1,26292682,神秘家族,一郁知秋,csee1121,推荐,2017-04-21,19:25:02,整部电影节奏和悬念很棒，最后的温情很回忆杀。我们都想留住那些留不住的，忘掉那些忘不掉的，记得是好事，放下却也并不是坏事。,16
1,26292682,神秘家族,糯米团子,4384951,,2022-07-18,22:35:47,演员都是好演员，但是这片子很莫名其妙…..看到最后我看了个啥,0
1,26292682,神秘家族,㿝亙䚽,68210690,还行,2017-06-15,14:57:14,吓死了,0
1,26292682,神秘家族,F,126775069,还行,2017-06-07,20:39:09,其实还不错 每个人的表演都有张力 没有特别刻意 林依晨也将绝望 崩溃 痛苦 挣扎 恐惧 诠释的很好 几场时间循环 也将内心痛苦剥离展现 不知道评分为什么这么低 这部片值得6分以上,0
1,26292682,神秘家族,没有人,82604060,较差,2017-07-08,11:06:45,林依晨你快别叫了。,0
1,26292682,神秘家族,暂引樱桃破,stillmoon,很差,2017-06-17,16:29:25,呵呵,0
1,26292682,神秘家族,白白,ruanxiaoyao,较差,2017-05-22,14:35:49,1、为什么开头掐掉电话；2、为什么公交车来不搭；3、为什么要往芦苇荡跑；4、一个荒野别墅跟前为什么会住着灵异老太太。打着亲情牌和理解牌，披着真实案件改编的外衣，其实有点牵强附会。一星给一个人在圣诞桌子吃饭的场景，戳心,0
1,26292682,神秘家族,不羁の雲,49363710,很差,2017-08-04,13:30:25,什么玩意啊，拍的莫名其妙,0
1,26292682,神秘家族,噜啦噜啦嘞,161364356,较差,2020-12-30,14:54:07,非常一般，也没有很悬疑。本来以为这演员阵容很有保障啊，惠英红、姜武、林依晨、陈晓、蓝正龙，妥妥的演技派加颜值派啊。林依晨真的不太适合演这种影片，娃娃脸真的感觉很出戏，还有就是蓝正龙，这哪里像是一个变态，这表情也让我联想不到他是一个强奸犯，好吧！我承认是以貌取人了。然后就是剧情逻辑像是一个循环的主题，但是又不是一个循环的主题，老奶奶的出现也让人匪夷所思，要是真的有什么亮点，可能就是林依晨想说话又不能说话的那种感觉吧！,0
1,26292682,神秘家族,废物白开水,89273789,很差,2019-04-21,19:46:33,哈哈哈？,0
1,26292682,神秘家族,留半清醒留半醉,43949122,较差,2017-06-08,13:11:21,导演能力不够 还有这四个人怎么看也不像一家人.,0
1,26292682,神秘家族,电影那件小事,dynjxs,较差,2017-04-23,13:08:05,宣传很用力，但是成片让人大失所望,2
1,26292682,神秘家族,阿巴特,37160658,很差,2017-04-21,23:17:51,你好，疯子,0
1,26292682,神秘家族,蚕丛及鱼凫,160506460,较差,2017-04-21,07:47:15,林依晨开创了一种新的表演方法，叫的我脑仁疼,9
1,26292682,神秘家族,music_mood,9457448,推荐,2020-06-24,03:33:12,4.9的评分是很不公正的！我经常吃饭时看电影，深知找到一部值得观看的电影并不容易。那些给超低分的人大概觉得每天都能轻松找到一部类似《沉默的羔羊》的电影。,0
1,26292682,神秘家族,幽兰拿铁冰可乐,zxguoguo,很差,2017-04-25,07:47:14,一颗星都不想打,2
1,26292682,神秘家族,爱情海,157237265,推荐,2017-04-22,02:45:13,气氛的渲染和节奏把握得都非常好，想到这是真实故事改编的就觉得太残忍了。,12
1,26292682,神秘家族,达西,51720073,较差,2018-05-24,00:46:14,本片部分结构有点像罗拉快跑，循环往复的讲述一个全家被灭门的惨案。最后一次才道出了事情的真相。女主的演技实在是有点尬演。,0
1,26292682,神秘家族,十七。,below17,还行,2017-04-24,17:04:24,北京，大银幕。虽然重复循环某一时刻的梗不新鲜，但是一个真实案件改成了惊悚片，导演也是挺牛的，林依晨演技不错，蓝正龙在这戏里也是恶人附体，惠英红姜武陈晓演技都在线就是戏份太少,0
1,26292682,神秘家族,ForVictoRi,155841956,推荐,2017-04-23,17:15:56,林依晨看的很舒服啊，演技在线的,4
1,26292682,神秘家族,荒野大表哥,24162007,还行,2017-12-29,23:32:11,本子太差的惊悚悬疑亲情片,0
1,26292682,神秘家族,椰砖鸿,60823549,,2018-09-02,02:32:04,开头无限loop全家必死的结局，最后是女主脑内不愿接受亲人离开而试图一遍遍幻想拯救，不过是一遍遍再被伤害。,0
1,26292682,神秘家族,曹雨田,sylviabai,,2018-04-04,23:33:26,这TM什么玩意儿!!!,0
1,26292682,神秘家族,侏罗纪靓妹,79939000,很差,2020-03-14,11:26:34,贱人出招防不胜防,0
1,26292682,神秘家族,栗子先生,153403538,还行,2017-07-08,00:17:29,与其说是悬疑片 倒不如说是惊悚片 吓人的片段比剧情多 逻辑啥的也都是漏洞 以及 陈晓真的有点大众帅哥脸啊 看了一半都没认出来,0
1,26292682,神秘家族,不是假发是莉酱,Profundis,还行,2017-04-21,23:30:01,想模仿恐怖游轮吧……满拙劣地，需要观众在脑子里帮他圆bug…林依晨老了…不过好歹没出现精神分裂，全是幻觉这种台词，三星鼓励,3
1,26292682,神秘家族,阳光美丽ff,153481883,较差,2017-04-27,23:33:19,喜欢依晨。不过片子不好看。有点失望。这个是给依晨的。,0
1,26292682,神秘家族,予柔,Olivia0813,较差,2017-04-21,20:37:04,一直在等导演放大招，等到最后也没放出来,3
1,26292682,神秘家族,Blank,130409515,还行,2017-06-17,14:11:32,一部电影里塞的内容过多 就会给人一种虎头蛇尾 稀里糊涂的感觉这部电影里最叫人害怕和使人警醒的自然是其中的犯罪因素 最叫人感动的自然是家人的舍身相救和女主最后的幡然醒悟和痛彻心扉的悔恨之情 挑选哪一种都是一个足以叫人自己推敲的话题但将其糅合在一起且比重相似就容易磨平人的情绪淡化中心,0
1,26292682,神秘家族,Zeanap1116,92560197,较差,2017-06-27,02:50:42,这种loop片吧，就怕导演思路不够清晰，而且还不愿意设置一个如盗梦空间的陀螺那种能跟观众沟通现实与幻境的小暗号。层次感不清楚，总是模棱两可。不喜欢这种可以两头说的不确定性，有点鸡贼。两位女性角色戏份太重，姜武和陈晓完全没有发挥余地，不喜欢失衡的戏份设置。,0
1,26292682,神秘家族,立立,yatou711,还行,2017-06-05,20:51:03,没有评分那么难看，可能因为喜欢林依晨的缘故，还可以,0
1,26292682,神秘家族,天涯浪女,102854854,还行,2017-05-23,15:47:14,累得慌,0
1,26292682,神秘家族,依依,158190953,较差,2017-05-26,17:23:20,尖叫声简直了,0
1,26292682,神秘家族,Neutralization,148248366,较差,2017-04-25,10:13:04,"白痴少女和脑残家庭。其实故事构想还是不错的，导演火候欠奉，力有不逮，拍出来的效果就如蛋糕上放了一枚石子，怎么吃怎么难受。
制造惊悚效果不错，电影院吓到不行。",0
1,26292682,神秘家族,小月亮,1343189,很差,2017-05-24,18:43:14,这到底是什么烂片，还是一堆知名影星拍出来的,0
1,26292682,神秘家族,叉烧面,3503331,很差,2017-04-25,16:51:59,1.不会用逻辑讲故事的编剧都爱用梦境来处理。2.与中国人民真实生活严重不符。3.女主太做作了，不讨人喜欢。,0
1,26292682,神秘家族,晏无师自通,84602890,推荐,2019-02-15,11:35:13,苗苗遭遇不幸让人难受，但苗苗这个角色真的不讨喜，看的很烦很生气。电影还是有点吓人的，变态有点小帅把恐怖氛围缓了缓。看到后面很感动，家人的爱一直在。,0
1,26292682,神秘家族,无优无律,154737590,还行,2017-04-21,23:18:12,其实还挺期待的，看了很多国外根据真实事件改编的犯罪题材电影，觉得中国电影在这类改编上情景渲染，节奏把我上很欠缺，这个看预告感觉还行,1
1,26292682,神秘家族,大隐于是,130687315,还行,2017-04-22,14:24:44,演员演技真不错，林依晨的心理表情非常有戏！可是剧情太粗制滥造了，简介也是虚张声势与影片所表达的内容迥然不同。全篇刻意营造的恐怖氛围没有吓到我，反倒是被那个老太婆的一张脸吓了个半死。,5
1,26292682,神秘家族,滕常啸,52899567,较差,2020-05-24,21:56:33,什么玩意，警察全是吃干饭的？！！还有那个老太太到底是干嘛得？！！全家为此陪葬就是为了给她去除心病？！！,0
1,26292682,神秘家族,丫头,shenshunyu,,2017-04-23,11:31:09,极力隐藏一个什么秘密？,0
1,26292682,神秘家族,梭,xsmm995,较差,2017-05-30,00:08:28,快进看的，感觉很吓人。可是没逻辑,0
1,26292682,神秘家族,一步,87956504,较差,2017-06-04,17:24:31,快进着看完了。。。如果对剧情同时有好几个脑洞就凑在一块然后反复拍出来——这样拍电影是不是太好糊弄了。,0
1,26292682,神秘家族,Meekim,130347997,力荐,2017-04-23,09:59:26,被陈晓帅到！！颜狗我要给五星~~~很适合大银幕,6
1,26292682,神秘家族,哆啦B梦,4114526,还行,2017-08-04,19:06:35,仅为依晨,0
1,26292682,神秘家族,heca518,42293953,还行,2017-05-02,00:10:18,"不怎么真实的根据真实故事改编，而且我受不了台湾腔普通话,其实整体是可以的",0
1,26292682,神秘家族,风信子,149069138,很差,2017-05-22,19:10:47,看不懂，哪里神秘了,0
1,26292682,神秘家族,Yellow_OTL,54880316,较差,2017-04-22,01:42:43,故弄玄虚却不怎么悬疑。。。看的时候我帮导演想了很多个结局，但导演偏偏搞了个这么无聊的，搞到这一个多小时真的很无趣。。。导演好像把太多时间浪费在林依晨跑步的场景上了，结果故事细节都没有交代清楚。。。,0
1,26292682,神秘家族,斑斑点点,153950189,还行,2017-04-22,06:41:32,不接妈妈电话会很惨,3
1,26292682,神秘家族,云吞鱼,coralzss,力荐,2017-04-21,22:09:58,比想象中好看，全程无尿点～,3
1,26292682,神秘家族,_Vencc,123235876,还行,2017-07-10,19:47:18,想营造禁闭岛的气氛，自己活在自己的臆想中，本片是活在噩梦中，逃避自己家人都死的现实。表现手法也挺不错的，气氛也很惊悚，但就是看完没有留下什么印象，没有让人惊叹这电影好好看的感觉，应该是缺少了什么东西，我看不透。,0
1,26292682,神秘家族,哈雷,sysop,很差,2017-06-03,09:25:34,真的很神秘的行为模式这一家人,0
1,26292682,神秘家族,夜太黑,176386123,还行,2018-04-26,01:09:23,剧情有点乱，不过，陈晓真的很帅！,1
1,26292682,神秘家族,宜嘉,61330430,很差,2022-10-11,22:15:02,三倍速看完，浪费那么多的卡司,0
1,26292682,神秘家族,热情华夫饼,151226025,较差,2017-06-27,19:50:45,全程wft，导演很想搞一个特别烧脑的悬疑故事，但是故弄玄虚，一惊一乍的拍法完全是国恐的套路。行吧你就是惊悚片吧，演老奶奶那个演员又各种喜感。结尾太烂，白瞎了这群演员的拼命。女主到还挺漂亮的,0
1,26292682,神秘家族,★,52465216,很差,2017-04-24,07:37:14,什么鬼,0
1,26292682,神秘家族,斑马吉祥,50357870,推荐,2018-02-03,21:45:16,看了一些评论才撸清了剧情 虽然一家人看着又不像一家人 不过妈妈的演技真的很不错 特别是最后母女告别的一段。就像那句话 子欲养而亲不在 好好珍惜家人,0
1,26292682,神秘家族,南玖,158218071,较差,2017-06-06,13:26:17,能感受到那种努力营造出的悬疑感，有些刻意了。,0
1,26292682,神秘家族,明明,172616170,较差,2019-05-02,23:55:40,最多赞那条  真的是让我觉得恶心,0
1,26292682,神秘家族,傻不傻666,52269752,较差,2017-05-30,23:51:37,被什么福建灭门惨案吸引，结果导演太烂了,0
1,26292682,神秘家族,龙天蓝,longdeshijie,较差,2017-05-26,12:19:19,题目和剧情没多大关系,0
1,26292682,神秘家族,阿茹,106597439,推荐,2017-05-21,22:10:24,我该说什么呢？林依晨演技真的挺好的，巨大的心里创伤，好可怕，更可怕的是这竟然是真实剧情改编,0
1,26292682,神秘家族,liquid lunch,67878346,还行,2019-04-10,20:28:31,不说惊悚片我真以为是鬼片，最恐怖的就是里面的那个山东话老奶奶,0
1,26292682,神秘家族,🍰小白蛋糕🍰,156034578,还行,2017-04-22,10:30:00,《神秘家族》电影中那过不去的时间和前段时间范伟的电影《有完没完》很相似。电影开场前半小时故事剪辑太零散了导致开头很多人没看懂就离开影院。这电影总体还行。,0
1,26292682,神秘家族,randomwalk,54257530,较差,2021-12-08,21:54:01,一个原型拍的两个电影，和烈日灼心差太多了,0
1,26292682,神秘家族,活儿佛,huoerfo,较差,2017-08-29,01:12:19,装也装不像,0
1,26292682,神秘家族,harvey少校,108693709,推荐,2017-07-20,08:08:21,被我猜到了，这就是她陷入悲伤的环境，被强奸后母亲把凶手抓回来，凶手把她家给灭门了,0
1,26292682,神秘家族,Adore Light,immortal_light,还行,2017-05-23,12:13:07,与其说是恐怖游轮的梗 其实和忽然七日更在一个调子上 拍的还不错 算好看 就是一直提心吊胆,0
1,26292682,神秘家族,此去经年,148878045,还行,2017-07-09,16:42:20,剧本是可以的，但是导演没把故事表达明白，导致观众误以为有大量bug，主要原因在于导演刻于把故事拍成悬疑片而没有拎清故事结构。此外，原以为是真实案件重现，但原来导演讲述了一个自我治愈的过程，夹杂了悔恨与救赎。演员表演是亮点，故事框架模糊，故事核心独特，电影质感较好。,0
1,26292682,神秘家族,枯荣,53091757,较差,2017-04-24,18:58:05,都什么鬼,2
1,26292682,神秘家族,Shirleyyy,shirleyan,还行,2017-04-21,21:18:17,叙事一般，倒是想get林依晨同款手机壳防身,1
1,26292682,神秘家族,不要不开心哦,155602622,还行,2017-04-21,11:48:03,悬疑性侵，剧情还是可以的，林依晨演的不错，总体还可以。,11
1,26292682,神秘家族,爱桐,4560642,还行,2017-08-18,21:58:53,白瞎了这些有戏的演员，剧情真的是。。。,0
1,26292682,神秘家族,罗小巫,masuriumyiya,还行,2017-04-23,20:46:28,我们所有的努力勇敢和执着 仅仅是为了 那一场噩梦不要成为现实,1
1,26292682,神秘家族,Iris.Mo,42905617,很差,2017-06-30,10:36:24,谷阿莫那里来的，只想喊一声这什么烂剧情啊！,0
1,26292682,神秘家族,布鲁斯,brucewong,还行,2017-04-25,16:39:43,怎么还借了《罗拉快跑》那么大个梗来炒冷饭？本来可以用悬疑的路数搞好，你这么一弄四不像了。,2
1,26292682,神秘家族,流光溢彩`,23034235,很差,2017-06-01,23:49:17,其实这个设定拍个悬疑片是绰绰有余的呀，说到底还是主创没有花心思去完善故事打磨细节，取而代之的是无尽的尖叫、取巧与故弄玄虚，开始还挺抓人，但第二次重置基本就猜到了救赎内核，且导演也没有让这个预料之内的后半段精彩有张力，反倒是给人感觉无比冗长，没有尽头。那个老婆婆的长相是真让人不舒服,0
1,26292682,神秘家族,丰富的bunny,CanaanTu,较差,2018-03-29,13:33:39,一家人两个普通话，一个台湾腔，一个大北方腔调，还有一个不知道哪个地方方言的老婆子,0
1,26292682,神秘家族,泡芙味的草莓,68629412,还行,2017-05-15,22:50:50,越是美好的事情，越是被残酷摧毁，越能照见罪恶的凶残，更能凸显在美好世界中，狂魔肆虐的锥心刺骨，而由此开启的后继故事，无论再疯狂、再荒谬、再怪诞、再惊悚，莫不都是揪心的存在。,0
1,26292682,神秘家族,III🌙,catherine33er,很差,2017-05-28,23:43:54,摸摸良心，这个正片配的上当初那个炫酷的动画预告吗？死神来了+恐怖游轮，梗真的好无聊。蓝正龙那个脸演这么变态的角色根本恨不起来，祈求国产惊悚恐怖片不要再出现药瓶了看的我都想吃药了，我姜武每轮都死的那么弱鸡真的要气飞了我。,0
1,26292682,神秘家族,离落,133746376,较差,2017-05-29,16:20:15,惊悚？悬疑？犯罪？心理？它喵的最后告诉我主题是亲情？！哪里神秘？哪里是家族啊？！最多算家庭！除了林依晨的演技还不错，其他。。。呵呵了。,0
1,26292682,神秘家族,风枕,echo0912l,很差,2017-05-29,22:51:21,垃圾 故弄玄虚（姜武脑子抽了接这片,0
2,26292682,神秘家族,卢卢,jim0404,较差,2017-06-18,12:32:25,莫名其妙的剧情，莫名其妙的表演，一群神经病，一部烂片。,0
2,26292682,神秘家族,Clara,56769973,还行,2017-06-02,00:11:37,故事想法还是可以，我个人蛮喜欢这种调调。就是很多细节欠打磨，导演功力有限,0
2,26292682,神秘家族,光光头打酱油,littleta,较差,2019-06-23,22:18:14,一惊一乍地叫人反感,0
2,26292682,神秘家族,春卷花,Sweet_tooth,很差,2017-04-25,23:25:22,微博各种刷预告片以为加林依晨还可以，但是真的烂片到无法理解，故事都讲不明白跟电影名字也没八毛钱关系。就这样也好意思叫恐怖悬疑？,2
2,26292682,神秘家族,十一月的宇宙,158185125,还行,2020-06-10,10:15:21,"我宁愿在这无尽的噩梦里一直徒劳地逃跑，只想把你们留在我身边多一天。
当初因为这句文案看了这个电影，发现电影没有剪辑的那些片段来的震撼。想通过电影了解原因，看了之后还是有点乱。",1
2,26292682,神秘家族,(⊙a⊙),nathan-chen,很差,2017-07-29,19:55:02,什么鬼烂片，以为是真实故事改编的灭门惨案，以为会好好地讲一个故事，结果拍成了恐怖片，一点逻辑都没有，也是呵呵了。这还是真实故事改编，拍成这样对得起故事原型吗。,0
2,26292682,神秘家族,Edison,edisonme,很差,2017-10-17,23:26:21,只给林依晨的耐克跑步广告一颗星……,0
2,26292682,神秘家族,可爱yo帅气,78969848,较差,2017-04-24,10:16:10,导演用太多的噱头来说一个很简单的故事，有些情节纯粹为了吓人而吓人，甚至弄得某些人看得莫名其妙，还有里面的台词很容易让人出戏，特别是老奶奶的方言。。,2
2,26292682,神秘家族,~~想譚詩~~,Aurorainbow,很差,2018-02-05,06:38:20,2017.12.13,0
2,26292682,神秘家族,金剑,58973558,很差,2017-06-03,17:48:05,怎么能有这么烂的电影！,0
2,26292682,神秘家族,黑眼睛,65433154,较差,2017-05-22,17:46:30,我还以为是恐怖游轮和罗拉快跑的结合体。,0
2,26292682,神秘家族,拉普拉斯变换,a1845019013,较差,2020-04-01,21:17:18,选角不是很成功，反派没有说服力，完全不像猥琐男,0
2,26292682,神秘家族,居里夫人,119642287,很差,2017-04-23,13:25:54,找那么帅的强奸犯我觉得强奸犯吃亏了。电影筹拍就不看好，电视咖拿到主角的电影基本都拍不好，这个定律谁来反驳我。我看的时候倒是被吓得不轻，但这明明就是不符合唯物主义的鬼片啊，哪里像真实事件改编的悬疑片？,0
2,26292682,神秘家族,卡夫卡的熊,133502255,还行,2017-05-23,12:55:00,不知道讲什么的电影，期待值太高，但真的把一个好好的题材拍糊了。,0
2,26292682,神秘家族,打蜡率,73966899,力荐,2018-11-01,23:20:52,"编剧和导演功力差了点，如果大卫芬奇来拍绝对又是一部佳作，剧情很简单，就是女主被强奸后家人为了给她报仇让她开心结果最后和歹徒同归于尽。女主一直生活在痛苦的阴影里，一直是逃避的生活，但是又摆脱不去，于是在幻想中一次又一次的拯救家人，最后终于接受现实并自我救赎，开始新的生活，电影很有想法，不过就是导演功力不行，演员林依晨第一次看她电影，居然还不错，

这部电影看剧情是没的看，主要是看氛围，一开始那种空灵的环境，海风，天空，树林，好美啊，意境真的不错，林依晨这个可人在风中的身影感觉好美，好想永远和她在场景中一直在一起感受海风和美丽的她。",0
2,26292682,神秘家族,O青煮O,49465683,推荐,2017-05-23,14:14:12,不知道怎么形容，更像一个故事而并非什么改编，喝国情不符，而且在台湾拍，这一切更疏离。如果完全是韩片我相信绝不止这个分数，要么再接地气一些，要么再疏离一点，这就是通病。如果就艺术价值的话，其实完全是足够的。依晨演技不说了…剧情需要所以显得有点过，果然还是扎心的,0
2,26292682,神秘家族,Nemooo,deartintin,很差,2017-07-07,00:15:19,强奸犯选蓝正龙，真的很难带入啊，毕竟很多人已经躺平了~,0
2,26292682,神秘家族,轩儿高了,sheldonkao,很差,2017-06-04,23:07:14,你别强奸了，还被杀了全家，还能自由地飞翔，开玩笑吧,0
2,26292682,神秘家族,BRNO,74505533,还行,2017-05-01,20:27:57,陈晓跟林依晨原本不错的演技在妖红面前顿时露怯…,0
2,26292682,神秘家族,劳勃狄尼洛,am-gemini,还行,2017-04-24,23:20:06,一打开豆瓣，热评第一位居然是认识的人写下的海豚音式表演啊哈哈哈哈哈，简直太好笑。,2
2,26292682,神秘家族,嘻嘻弗斯,Zero0919,还行,2017-05-24,23:54:03,好好地悬疑片拍得像恐怖片，有点模仿《恐怖游轮》的迹象，却又没有学到精髓,0
2,26292682,神秘家族,呵呵哒,75804317,较差,2017-04-27,16:26:45,好感果然只能存在回忆里,1
2,26292682,神秘家族,我家猫不喜欢我,78902065,较差,2017-06-30,14:31:32,一场大火下来房子还这么好，冰箱还正常工作？哪个牌子你和我说！,0
2,26292682,神秘家族,不靠谱老流氓,38754812,很差,2017-06-10,23:01:30,这是什么鬼,0
2,26292682,神秘家族,sundio,73804090,很差,2017-07-11,17:26:18,故事支离破碎，不好好讲故事的片只能1星了。。。,0
2,26292682,神秘家族,函数镜子,hovey6,较差,2017-05-23,15:28:02,...有话好好说 不要动不动就尖叫,0
2,26292682,神秘家族,陈书婷,yiyimemory,很差,2022-03-08,23:54:57,朋友推荐的电影，看完以后想和她绝交了。,0
2,26292682,神秘家族,❀鹿嘎达,129371143,推荐,2017-04-21,19:23:43,新视野的国产悬疑片。依晨又突破。剧里埋下很多不点破，真相和细节需要自己去分析，慢慢回味细思极恐。对于女性来说法律保护的还不够彻底。看完不敢带耳机听歌深夜在外还有不接妈妈电话容易出事。真案子改编的挺好，重复被杀这几个场景很震撼。蓝正龙太像变态。从噩梦走出来除了亲人最主要的还是自己。,14
2,26292682,神秘家族,daodao125,155788363,较差,2017-04-23,19:50:13,我本来真的很期待这部电影的 好几周之前就和舍友约好去看 结果。。。不得不说有点失望。。。,2
2,26292682,神秘家族,偶尔看看书,4342785,较差,2017-04-21,20:09:53,看完以后在电影院坐了一会，因为太震惊咯，不知道自己到底看了什么。,1
2,26292682,神秘家族,小畜男,149829786,很差,2021-03-13,19:43:29,哇，怎么会有这么难看的电影？？？,0
2,26292682,神秘家族,鲸吞鲸吞,66199178,很差,2022-08-18,18:41:07,就这？太烂了！,0
2,26292682,神秘家族,你谁,40708158,较差,2018-08-28,14:53:23,女主什么毛病，哪偏往哪跑,0
2,26292682,神秘家族,佩琦,peiqi1222,很差,2022-05-06,18:26:34,烂,0
2,26292682,神秘家族,松子,42727088,还行,2017-06-22,13:57:23,3星。林依晨演的真的不行,0
2,26292682,神秘家族,free,58722109,推荐,2017-05-30,09:50:57,每一次的挣扎和努力都缘于爱,1
2,26292682,神秘家族,summer1229,50467512,还行,2017-05-27,05:54:43,看到最后才看懂的。,0
2,26292682,神秘家族,🌻染眠,47754527,推荐,2017-06-03,17:54:04,还行啊,1
2,26292682,神秘家族,maya,34946223,较差,2019-11-20,22:59:38,咱也不能理解为啥不接他妈电话  为啥跑去芦苇里  也不能理解爆照后为啥冰箱沙发还存在  更不理解冰箱里居然还完好无损  反正毫无逻辑  白瞎了演员了  而且这啥配音啊  ,0
2,26292682,神秘家族,Andy,andyjyq,还行,2017-10-04,20:47:18,可惜了我的依晨和陈晓,0
2,26292682,神秘家族,Seferina,55969190,较差,2017-07-08,22:48:32,林依晨。。全程演得。。。。。,0
2,26292682,神秘家族,筱然,stomach,较差,2017-06-04,10:49:02,搭上一家人的命也太任性了，中间梦境重复得没有太多意义，故事还是欠缺肉而不够饱满，就听女主愤怒的尖叫了。演员都演得很好，剧情失败了。,0
2,26292682,神秘家族,一杯柠檬茶,136710762,还行,2017-05-14,14:11:47,林依晨演的真不错，蓝正龙也太帅了吧，一点都不适合强奸犯,0
2,26292682,神秘家族,浮槎,44820765,很差,2017-05-24,16:22:29,姜武最近接烂片的速度简直让人怀疑他是不是这么缺钱......,0
2,26292682,神秘家族,nanaxxm,43748947,还行,2017-05-24,04:56:28,前二分之一还可以，后面越来越拖沓,0
2,26292682,神秘家族,吱吱吱,99215751,较差,2017-05-24,11:00:28,不知道他怎么好意思把导演兼编剧这几个字打在片头,0
2,26292682,神秘家族,漫漫奇谈o_O,perseverence,还行,2017-04-22,20:12:26,林依晨演的不错,0
2,26292682,神秘家族,vinasu😋,155014501,很差,2017-04-28,19:02:56,一星不能更多，电影全程看得我尴尬症都要犯了，bug太多，逻辑太不严谨le吧，大体的梗感觉是在模仿恐怖游轮，但是画虎不成反类犬了，不是一般的烂，失望,0
2,26292682,神秘家族,舍不得离开人间,195307258,力荐,2021-04-24,17:38:46,这是一个很幸福的家庭，至少他赚走了我很多眼泪。,0
2,26292682,神秘家族,Solo门,solomensijie,很差,2018-05-29,09:02:11,一会儿简体字一会儿繁体字，一会儿警车上面贴大大的police，喝的牛奶用的油漆都是美国的，要我以为是美国。浪费好演员。剧情多处硬伤。最后结局硬感人。就是你觉得你妈比强奸犯都可恶是吧？有什么不能原谅的？一个误会而已啊。不说了，浪费老娘时间。,0
2,26292682,神秘家族,灰色眼眸,58263566,较差,2017-06-04,21:29:57,头一次觉得林依晨有些烦,0
2,26292682,神秘家族,低浮上,AbiesMill,很差,2017-04-25,21:45:30,没有编剧系列,2
2,26292682,神秘家族,stella,92275201,很差,2017-06-23,13:09:44,主线是那个主线，但bug太多，甚至难圆其说。另外我是真的欣赏不来林依晨的表演，我感觉她演的每个角色都挺让我讨厌的，这里也是，不懂事，只会歇斯底里的叫……,0
2,26292682,神秘家族,弹指流年,71543398,还行,2017-04-24,14:22:23,胆小不适合看恐怖片，姐姐我胆小啊。不过胆大看惯恐怖片的肯定嫌弃这片无聊。剧本好好写的话，背后的故事挺让人桑心的。林依晨的演技太shi了。,2
2,26292682,神秘家族,花花,150973140,较差,2017-05-26,15:43:14,剧本不咋的，反复轮回的剧情看得头晕，看完意思也很明显了，有个地方真的不能忍，为什么遇到坏人要往偏僻的地方跑哎，里面的老婆婆真的很吓人 ，林依晨的演技也算合格啦,0
2,26292682,神秘家族,箜,60014836,还行,2017-05-31,12:10:44,有说电影根据真实案件改编，然而通篇下来并没有起到什么有意义的社会作用，差评。然而我并没有了解过电影背后的真实案件。电影也并没有把重点放在案件上，而是这个女孩在遭遇灭顶之灾后不断的在灾难中沉沦，在沉沦中最终自我救赎的故事。是一种把心理活动的具象化的表达。所以三星还是有的。,0
2,26292682,神秘家族,西門吹雪,139102360,很差,2017-09-27,17:49:29,什么破逼剧本,0
2,26292682,神秘家族,Tony,40789061,还行,2017-05-24,17:11:36,破产版恐怖游轮。悬念感还行，演技也大部分在线，但是演员之间像是独立个体没有火花，节奏感一般,0
2,26292682,神秘家族,SI,49003940,很差,2017-04-21,21:32:14,编剧脑子有X,2
2,26292682,神秘家族,张大苹,daping,还行,2019-05-19,17:04:01,边看边刷豆瓣酱，在最后的半小时里不小心被剧透了，不知道我自己看的话看不看的明白,0
2,26292682,神秘家族,Lula,airro,还行,2021-08-19,20:20:43,诶……阴差阳错。不管是表达爱意还是歉意，都不该等,0
2,26292682,神秘家族,蓝下老婆,155986714,还行,2017-04-22,09:30:39,满满的套路，没什么新意，就看看吧,9
2,26292682,神秘家族,👀,SecondSecret,还行,2017-06-01,01:45:55,在電影院笑翻,0
2,26292682,神秘家族,夏天想吃冰淇淋,1513590,还行,2017-04-21,11:36:22,导演讲故事能力一般，开头设置的梗到最后都没能说的很明白，有点牵强，整部影片也没有悬疑片的那种感觉，看完就记得尖叫声了,5
2,26292682,神秘家族,不高兴,58338006,较差,2018-11-05,18:16:21,剧情比较乱 导演编剧水平差些 看到最后才明白女主是家人出事后 产生了所有的幻觉,0
2,26292682,神秘家族,白开水,huayq,还行,2018-12-21,14:21:52,整部电影的立场和寓意是好的，爸妈和弟三个人对女主的关爱也体现得很到位。 好吧，我承认后面的内容是我看的时候没看，在看了其它人的影评后 https://www.zhihu.com/question/58046145/answer/167186203,0
2,26292682,神秘家族,豆友91218636,zzzbabycat,还行,2021-03-25,13:01:46,补标。《恐怖游轮》的套路，不断反复，回到过去救家人，其实是女主的梦境，层层叠进的过程里也说清了故事，最后还有救赎情节，算是故事完整。陈晓演了个道具人，以及电影名字是最大的败笔。电影应该值个6分。,0
2,26292682,神秘家族,桂花果子,orangelynn,较差,2018-03-12,23:25:52,我的天 才看了一半脑子就要炸了 全程不是林依晨啊啊啊就是林依晨呜呜呜 人家玩循环是每次剧情更深入 这片子玩循环是每次一样傻x 编剧脑子进屎 劝别看,0
2,26292682,神秘家族,天草莹,2397813,还行,2017-04-25,14:06:32,五分片，感觉是个港式悬疑，按照台湾式拍不对味，叙事想法算好，但是总觉得把控不好有点乱…演员倒是都算演技好的，林依晨那个小嗓子叫起来我有点扛不住…,0
2,26292682,神秘家族,〇秦🍎,214512391,很差,2021-01-28,22:10:16,我笑死了，光谈一点，这些演员怎么找的，像一家人吗？而且这居然是找韩国人拍的片子，服了,0
2,26292682,神秘家族,啥也不知道,125595920,力荐,2017-04-21,13:04:39,路人黑、碰瓷的  请走开 好么 我们不约 这里的都不是流量小生和小花 都在演艺圈打拼很久的演员 不是你们正主能踩演技的 大家都踏踏实实的专注自家 反正虐力反馈是在你们正主身上 为他们积点人缘吧,199
2,26292682,神秘家族,兔窝里晓兔,160537586,力荐,2017-04-21,12:10:59,挺好的一片，都说恐怖，我一点也没看出来，倒是感觉到亲情，陈晓演的很好,192
2,26292682,神秘家族,千万别理我,XXXOXXX,很差,2017-04-22,21:08:34,朴裕焕导演，你们全家都是神秘家族！这部电影真是烂出了一个新高度！烂到了一个新境界！想拍《开心家族》阴暗版？结果只是烂版，全剧最恐怖的是那个老太太的脸。这个故事告诉我们，年轻人少打点玻尿酸！,5
2,26292682,神秘家族,肉大大圆,42838726,较差,2017-05-28,20:45:13,脑中只留下了林依晨的马氏怒吼！,0
2,26292682,神秘家族,pocari,43427437,很差,2017-08-24,11:14:49,打分光荣,0
2,26292682,神秘家族,lcy_,157930709,推荐,2017-04-21,17:19:36,晕啊 吓死我了 久违的林依晨支持下 还不错,5
2,26292682,神秘家族,阿苏,faysu,推荐,2017-10-22,13:49:29,一开始以为是被性侵的阴影，女主一直活在噩梦里，看到最后才明白是真的被灭门。林依晨的恐惧太真实!,0
2,26292682,神秘家族,momo,leshiliu,较差,2017-04-23,19:13:11,过火，心累,2
2,26292682,神秘家族,北冥有鱼鱼,153840205,较差,2017-04-21,23:41:02,惠英红挺棒的，林依晨的尖叫声也太有穿透力了。吓死宝宝了,2
2,26292682,神秘家族,一片花花,65216700,较差,2019-12-14,21:25:30,说实话，我连两星都不想给…不知道是不是剧本太差的原因，林依晨演技的问题暴露得好明显…哭恐惧愤怒歇斯底里，这些都不属于苗苗，林依晨得太明显了…那个哭腔那个皱眉我看过太多次了，袁湘琴程又青她们身上都有过…,0
2,26292682,神秘家族,六眼晕,9881266,较差,2017-08-17,09:48:09,白瞎了一堆我喜欢的演员，看不下去吵死了。,0
2,26292682,神秘家族,Owen大熊🐻,owenclv,较差,2018-03-03,17:28:36,"一家四口怎么都没有家人的感觉。
冲着惠英红去看的，但这剧情实在让人无法有任何代入感。
依晨在里面也算是突破自己演了个自己都不知道演了什么的女神经。",0
2,26292682,神秘家族,Moyang墨阳,51119792,较差,2017-06-28,16:03:59,蓝正龙那一口黄牙。。。。。,0
2,26292682,神秘家族,啾 葫芦哇,51468288,还行,2017-07-04,13:00:28,所以泡菜坛子是什么材料的，炸都没炸坏啊。,0
2,26292682,神秘家族,守望者,127036928,较差,2020-05-06,00:37:43,神经质的导演拍了一部神经兮兮的影片 浪费了惠英红那么好的演员,0
2,26292682,神秘家族,草八刀,2161155,还行,2018-09-02,16:34:15,感觉不错啊 为啥分数这么低,0
2,26292682,神秘家族,罌至,ohohzhizhi,很差,2017-07-03,13:18:53,画虎不成反类犬,0
2,26292682,神秘家族,色散力,95427852,很差,2019-01-28,13:22:55,时间重现的设定  很扯诶  后面解谜时母子路过是挺惊悚的  不知道想表达什么  前面的几次回溯没有什么有用的线索   蓝正龙有点帅hhh,0
2,26292682,神秘家族,BOB,RaRb,很差,2018-08-07,20:40:31,……,0
2,26292682,神秘家族,小星星,illidianji,较差,2017-12-02,16:03:42,一部看了想不停快进的悬疑片，有点装逼过头，主旨有新意但是表现太烂,0
2,26292682,神秘家族,瑞瑞,139658653,较差,2017-04-22,08:32:44,故作高深吧，朋友居然吓得要走😔，为什么就不能烂的简单点，女主好好的楞被导演刻画成了也是有点作。,1
2,26292682,神秘家族,灵溪,77694672,较差,2017-07-14,22:11:10,难道是因为阵容，这个电影就有五分了？看得出导演在用力往顶级悬疑上发展，奈何多处bug根本无法解释。既然每一个轮回都是女主自己幻想出来的，那么妈妈绑架了坏人也应该是假的？警察查家里为什么没有坏人？妈妈在卫生间为什么消失？女主和家人之间的和解完全是建立在虚幻之上，何谈意义和价值？,0
2,26292682,神秘家族,天马行空,74033947,还行,2017-05-22,18:52:10,3分都是给林依晨的。导演到底想表达个什么东西，有些类似于死神来了，反复死去，又有点盗梦空间，反复醒来。最后拍成了四不像。,0
2,26292682,神秘家族,大唐的魔法师,45461182,还行,2017-06-14,23:37:51,重新看了片头 蛮有教育意义的。多关心一下他人，多注意一下小异常。但导演你故意吓人诶喂！那个老奶奶是来吓人的吗？表白林依晨。,0
2,26292682,神秘家族,萧,79942000,还行,2017-04-21,12:49:11,真实事件改编，找了好演员，所以期待蛮高的，可惜没有被惊艳到。,5
2,26292682,神秘家族,狐狸,49021923,较差,2017-05-24,16:45:39,不是悬疑的悬疑片，多一颗星给伟大的母爱。,0
2,26292682,神秘家族,喜滋滋嘻嘻嘻,12302001,较差,2017-05-30,01:42:05,二星半,0
2,26292682,神秘家族,被好运缠绕的人,Surizane,较差,2017-05-24,12:08:33,妈蛋，10点钟的时候我们三人坐在沙发上看，看的毛骨悚然，然鹅，还没看明白！差评！,0
2,26292682,神秘家族,x———-x,153350471,还行,2017-06-17,11:33:14,林依晨的演技很好，但是故事都在意料中，不新颖。,0
2,26292682,神秘家族,格小刘,zhutonggege,很差,2018-01-16,11:51:41,被预告片骗了，强奸犯这么帅，还躲什么,0
2,26292682,神秘家族,无名,155942399,推荐,2017-06-13,22:08:11,蓝正龙好帅，颜值高身材好的强奸犯不科学啊啊啊啊啊😱低配版恐怖游轮。跟其他国产片相比还是不错的。,0
2,26292682,神秘家族,麥-Albatross,65545122,很差,2017-06-12,16:34:58,這個韓國導演腦子里都是什麼xxx,0
2,26292682,神秘家族,董壮壮,moxiaocai,较差,2017-05-21,23:21:35,抄袭罗拉快跑的无逻辑国产片 浪费了好演员 ,0
2,26292682,神秘家族,你妈在天上,MokeyChilly,还行,2021-07-10,14:12:20,其实还好,0
2,26292682,神秘家族,Li ·a,penzy,推荐,2017-09-17,13:30:06,所以片头苗苗拿着的两把伞，到底在等谁？,0
2,26292682,神秘家族,九色十天****,57910214,推荐,2017-05-28,03:30:56,好揪心,0
2,26292682,神秘家族,No One,141143510,很差,2017-06-30,17:06:22,神秘个鬼啊！,0
2,26292682,神秘家族,午夜游民,60792111,很差,2017-05-30,23:40:58,以后这种垃圾片再也不看了！浪费生命！,0
2,26292682,神秘家族,CARSON,BigEgg,很差,2017-10-10,02:37:23,全头到尾装神弄鬼，故弄玄虚，反转无力，漏洞百出。,0
2,26292682,神秘家族,卡卡卡卡卡卡卡,156032572,较差,2017-04-24,21:01:52,林依晨的演技棒，其余很平淡,4
2,26292682,神秘家族,阿sue‖不闭关,2357156,还行,2018-01-14,00:40:21,电影介绍不是说一家人背后隐藏着一个巨大秘密吗，到底是什么秘密？一星给林依晨和姜武,0
2,26292682,神秘家族,吾忘森林,112387290,还行,2017-05-21,21:51:25,韩国的编剧导演、中国的故事演员。说实话，其实是有些失望的。从阵容到演员都是喜欢的，但是效果确实差强人意...,0
2,26292682,神秘家族,羊羊plus,126341811,较差,2017-11-10,12:59:10,其实剧情还挺吸引人的 悬疑感也很强 但是林依晨的演技不说话还好一说话就尬 再加上她动不动就尖叫 真的太难受了 中间的几重梦境和回忆让剧情有点乱 而且剧情太多bug了 强奸犯太帅 明明在躲强奸犯后来又去跟踪找他 被追的时候往人少荒僻的地方跑 太智障了。,0
2,26292682,神秘家族,sylvie,55769420,还行,2020-09-12,11:20:28,中国版“忌日快乐”、“恐怖游轮”,0
2,26292682,神秘家族,无极限,4054836,很差,2017-05-23,22:52:13,电影名什么鬼，情节什么鬼，怎么就有精神病了，怎么嫌犯就去家里灭门了，怎么俩老爷们打不过一个男的,0
2,26292682,神秘家族,魑魅魍魉,157527884,还行,2017-06-08,19:14:34,拍得挺好的，就是一直都在重复同一天同一时刻，但是依旧没能改变结局，前面很精彩，中间有点平淡了，结局还不错，很感动！！！,0
2,26292682,神秘家族,Су Хэцин,115665667,较差,2017-07-03,23:46:38,还好了,0
2,26292682,神秘家族,安哥拉宝贝,unrealzhizhi,较差,2017-06-30,23:48:04,什么鬼啊,0
2,26292682,神秘家族,垣飏藠毓攈乂,60488216,较差,2018-02-07,19:37:22,我大概知道是想拍成恐怖游轮那样的，但是水平不够就是不够。林依晨一开口就很像袁湘琴，尤其是激动的时候,0
2,26292682,神秘家族,已注销,63696143,力荐,2018-06-26,12:24:32,在哪儿拍的！喝的是重庆的天友纯牛奶！但好像不是重庆！,0
2,26292682,神秘家族,不二兔。,43969731,,2017-06-25,23:21:36,额…………… ,0
2,26292682,神秘家族,小梦大半,130316797,很差,2017-04-26,23:04:34,一部没内容的恐怖片，简单能说明白的事情非要搞三个梦，确定不是注水么？,0
2,26292682,神秘家族,柚子隐身于此,63942737,较差,2017-07-20,00:16:44,一🌟给最后的温情，一🌟给这个真实事件改编。我永远觉得真实是震撼的。,0
2,26292682,神秘家族,小悦张,colazjy,,2017-04-24,15:08:19,罗拉快跑中夜华 海报是抄袭了哪部韩片？？？脸熟但想不起来,1
2,26292682,神秘家族,hello stranger,62926962,还行,2018-06-06,23:56:50,看解析明白了，节奏把握的很好，会有种绝望和无力感。就是，奔着陈晓看的，却是大大的酱油,0
2,26292682,神秘家族,卡妙,camuscheng,还行,2018-01-01,21:41:12,演员我都挺有好感的,0
2,26292682,神秘家族,街街平平,141695457,还行,2021-08-16,20:27:27,看过《秘密访客》才想起来这个小糊片…总体构思还是不错的，调度太平庸，剧情槽点很致命。就马马虎虎的一部作品吧。,0
2,26292682,神秘家族,薄荷蛙,58110434,较差,2018-01-07,20:23:31,我了个去！我为了它充了爱奇艺会员！我我一点不懂，林依晨到底为啥做什么粉丝都说好！,0
2,26292682,神秘家族,吧唧踩屎上,bjcss,推荐,2017-06-04,23:46:01,埋线做的不好。说不清楚,0
2,26292682,神秘家族,Mercury,65631976,很差,2020-02-26,17:07:27,我的一星给了张岫云奶奶 好亲切的河南口音啊,0
2,26292682,神秘家族,哄,3602718,很差,2018-02-02,22:13:29,尴尬的剧本加演技…,0
2,26292682,神秘家族,momo,72191738,较差,2017-09-16,11:12:26,emmmm....,0
2,26292682,神秘家族,小艾,aspiere,较差,2019-07-23,21:29:17,每次死人的时候都有警车，我一度以为真凶是警察,0
2,26292682,神秘家族,CaroleZh,zwq2u,较差,2017-05-21,18:59:34,说实话对林依晨的电影从来都没有很高期待…,0
2,26292682,神秘家族,momo,69387510,较差,2017-06-03,13:34:59,这个片名和内容有关系吗？,0
2,26292682,神秘家族,梦游抓水母,60196111,较差,2017-07-15,18:36:29,好奇冰箱是被什么护体，爆炸后竟然还能完整的保存着一年份的泡菜和妈妈的字条。,0
2,26292682,神秘家族,BillXiong,78695888,较差,2017-05-24,17:43:16,片头有小金龙的一般看得让人捉急,0
2,26292682,神秘家族,我叫豆瓣酱,51732478,推荐,2017-07-07,00:14:13,可以拍的还算用心。惠英红演的真好，里面她最让人感动，其他人太弱。,0
2,26292682,神秘家族,ran,147622502,较差,2017-04-22,19:14:52,"主演演技还不错，就是全程看林依晨跑步……以及看Nike的广告，最后58同城广告无力吐槽
不过……有悬疑么???",1
2,26292682,神秘家族,否极,62961782,较差,2018-08-04,17:34:10,两星半吧 这么好的题材 惠英红这么好的演员 真可惜 ,0
2,26292682,神秘家族,花间一壶酒,153541746,较差,2017-04-22,17:44:15,导演还得再练练  我的湘琴啊下次接片要慎重,0
2,26292682,神秘家族,珍妮珍妮宁珍妮,3435038,较差,2017-05-23,21:43:07,林依晨要么不说话要么一惊一乍,0
2,26292682,神秘家族,夜雨声烦,51863269,很差,2017-07-17,10:44:55,不知道拍的什么玩意儿，跟神秘有什么关系，跟家族又有什么关系。女主全程吼叫故事莫名其妙。,0
2,26292682,神秘家族,随风的蒲公英,157273071,还行,2017-05-23,20:26:12,这个剧情不错，就是故事有点残忍，不过林依晨的演技不错，这个也算是个突破吧！,3
2,26292682,神秘家族,圣诞老人,Jess1995,较差,2017-04-25,23:45:36,我为什么总是看故弄玄虚的电影,0
2,26292682,神秘家族,不是我你认错了,ultra202,推荐,2017-08-12,20:58:07,超害怕,0
2,26292682,神秘家族,vicky,126458182,还行,2021-01-03,03:41:10,到底哪个版本才是真的，到底是不是蓝正龙杀的，不过还真帅。最后马拉松没有得冠军，太累了吧。,0
2,26292682,神秘家族,Monomoon,sugarsugarcane,还行,2017-04-26,15:08:28,演技在线的 但是 我们为什么要陪着她一遍又一遍做噩梦啊TAT故事不是很饱满 总觉得少了点儿什么,0
2,26292682,神秘家族,黃小帥,arnohuang,还行,2017-06-16,23:59:57,耐克超长广告片,0
2,26292682,神秘家族,RiverYoung,119574678,很差,2017-06-17,16:10:05,这是个啥啊,0
2,26292682,神秘家族,花落  思量错,156004677,还行,2017-06-09,11:01:35,林依晨演技真的是不错，特别好，到剧情改编的不敢直视，抛开亲情一定得有爱国情怀，是不是一定要这样呢？,1
2,26292682,神秘家族,旋木,3171777,较差,2017-05-25,15:00:35,导演的锅,0
2,26292682,神秘家族,Y,51316191,很差,2018-05-28,18:39:46,傻逼片子，没有存在的价值,0
2,26292682,神秘家族,新鲜猫,vera-chi,较差,2017-05-28,02:46:37,哦………,0
2,26292682,神秘家族,麦子,btone0808,很差,2017-05-27,09:18:43,小林同学颜面严肃，表明她在拍悬疑剧了,0
2,26292682,神秘家族,妮妮崽,ltninizai,较差,2017-05-24,21:25:21,被自己大胡建的灭门案吸引 结果...,0
2,26292682,神秘家族,Kiki,ritabx,较差,2017-10-21,21:50:59,飞机上看的，我简直看得想跳机。。。没逻辑没因果没叙事。。只有跑跑跑，哭哭哭，叫叫叫。。。简直难为惠英红演技还爆表，另外两位是来打酱油的吗？,0
2,26292682,神秘家族,王生,pinboer,很差,2018-01-24,20:05:29,莫名其妙,0
2,26292682,神秘家族,DJ,dongjing,很差,2017-05-29,18:13:44,剧本太烂,0
2,26292682,神秘家族,PiscEs苏苏,susu0223,较差,2017-04-27,18:24:47,很吵的演技，很乱的剧情。。。,3
2,26292682,神秘家族,美女好啊,103163957,较差,2017-06-22,00:20:39,"额⊙∀⊙！这家族是有多神秘……
设定没问题，故事没问题，就是太多bug了吧，导演……多到我想一直翻白眼哦……",0
2,26292682,神秘家族,此刻昨夜前尘,44651418,较差,2018-05-13,21:57:52,看完之后我又看了一眼演员阵容,0
2,26292682,神秘家族,怀旧的加菲,jewelshao,还行,2018-02-13,18:19:26,概念还好，就是一些细节还不到位，感觉这一家人不太像家人。,0
2,26292682,神秘家族,momo,119081024,较差,2017-04-24,13:19:23,林依晨的整个一咆哮体，面摊脸；另一星是片中的风景的；片名噱头太大，应该叫神秘奶奶；真人故事改编？漏洞太多，剧情不连惯，蓝正龙也是病态的吗？老奶奶的话是什么意思？一家人到底是几种死法？这是抑郁+自闭+神经失调的综合症？跟朋友看完后发现自己都有点抑郁了。袁湘琴，你回来，我不要苗苗。。。,0
2,26292682,神秘家族,冰雪为卿热,151254225,较差,2017-11-28,14:39:58,emmm。。。那个。。。我也想被蓝正龙强奸。。。,0
2,26292682,神秘家族,箪箪,panyrd,较差,2018-01-30,23:39:21,只看林依晨，也还凑活,0
2,26292682,神秘家族,肉酱,59027708,还行,2017-11-26,09:01:05,不是悬疑片，是恐怖片。。。和恐怖游轮似的。。。太惊悚压抑了。。。这个电影背后根据其用来改编的真实事件，才是最让人唏嘘和胆寒的。。。。,0
2,26292682,神秘家族,我lu不会飞,157224553,还行,2017-04-22,22:56:12,剧情挺新颖的呀,2
2,26292682,神秘家族,Canon518,150994517,力荐,2017-07-04,22:31:47,挺不错的，比小时代这种电影强千倍！👏,0
2,26292682,神秘家族,黄金不可复制,128649567,还行,2019-06-01,15:10:06,收拾电影票看到这个………,0
2,26292682,神秘家族,田南瓜,142230940,较差,2017-06-14,22:25:27,不太理解,0
2,26292682,神秘家族,桐剪秋风,155789245,很差,2017-05-22,18:19:44,简单粗鄙的影片，故事说是悬疑不如定义为鬼片更恰当，装神弄鬼，把一件事情放大混乱到无数遍来骚扰观众的思想，只为了冠上伟大的爱与家庭来为其说辞主题，真的很牵强无理取闹,0
2,26292682,神秘家族,夜阑玉茗,roxanne,还行,2017-04-22,17:41:21,片名和剧情内容严重不符，全片拍的也似立意不明，导致拍出来不伦不类，可惜了演员们。,0
2,26292682,神秘家族,許鋃鋃,47001489,还行,2017-04-21,22:18:04,演员演技都很在线吖，结局收的不好，搞得全篇神神叨叨的,1
2,26292682,神秘家族,北岸,149063652,推荐,2017-04-21,17:50:56,悬疑感十足，题材很有创意，前半部分一直是故作悬疑，是恐怖片的制作方法，一直到第二次划伤脖子的时候猛然察觉到新意。林依晨演戏底子很好，可惜这一次台词太过僵硬了，情绪变化没有明显演进。,5
2,26292682,神秘家族,寒冰之凌,185046114,还行,2020-12-24,08:53:29,还不错,0
2,26292682,神秘家族,X. U.,3990355,较差,2017-06-14,15:15:32,讨厌自以为聪明的人和故作悬疑的电影。,0
2,26292682,神秘家族,海边的卡卡西,50393259,很差,2017-04-23,08:09:12,狗带啊,1
2,26292682,神秘家族,王木川,jielunxiaoxin,还行,2017-06-04,20:53:38,《台东女中之传奇鼎东客运女孩》什么鬼，不过比《神秘家族》更切题。这一家四口好不搭，分分钟出戏。过程精彩，结局坑爹。,0
2,26292682,神秘家族,🦁️,vivian725,很差,2018-03-14,14:11:05,？,0
2,26292682,神秘家族,大T恤~烂记性~,48713854,还行,2017-05-31,02:23:10,仅仅为了林依晨给三星,0
2,26292682,神秘家族,忆拉罐,yoyofishER,较差,2017-04-22,18:55:12,剧情漏洞太多,2
2,26292682,神秘家族,𝑨𝒘𝒂𝒌𝒆𝒗𝒆,kid45698,较差,2017-05-11,08:36:06,白瞎了林依晨的演技。,0
2,26292682,神秘家族,居里小竹,1776736,很差,2017-05-30,20:29:04,导演故弄玄虚，以为loop的技巧完美，但是，起码要建立在逻辑合理上啊！,0
2,26292682,神秘家族,saille2000,126722147,较差,2019-07-19,12:56:39,2.7 太神秘了。,0
2,26292682,神秘家族,旗婷時光,143005310,较差,2017-07-07,20:09:18,看了预告片，特别期待，看正片真的很失望，看到中途有点看不下去，很凌乱，中间和凶间雪山有点像，一直不停重复画面，看完后才弄清楚，中间有些细节做的不错，但是非常故弄玄虚,0
2,26292682,神秘家族,更与何人说,156967748,推荐,2017-04-23,20:25:16,都是演技派啊，值票价。,2
2,26292682,神秘家族,玛丽外宿中,84529511,很差,2017-04-25,19:38:05,我跟心疼惠英红一个影后要来演这种烂片  真的  还有就是林依晨能不能不要把内心的os说出来  边跑边说 我  我一定要救我的家人  真的生生把我看笑了。。。,2
2,26292682,神秘家族,米拉,59594277,还行,2017-05-30,08:35:50,其实...我真的看哭了。。。跟当初看安妮海瑟薇的电影乘客时差不多感受，不是因为剧本演技有多好，而是与家人生离死别这种事总能戳到我泪点。。。,0
2,26292682,神秘家族,一个人的空间,58893368,还行,2017-12-17,18:10:36,看够之后觉得还行，就是林依晨从开头一直喊到最后，也许故事讲的就是每天做噩梦那种心路历程，每天都活在痛苦之中。但是最后这个电影想展示什么呢？是说他从噩梦中自己清醒了？有点搞不懂。最后一点，那个咸菜放了一年还能吃？有点晕,0
2,26292682,神秘家族,青荷半卷,154963033,还行,2017-12-22,22:53:03,不知道电影内容和题目有啥关系？简介什么鬼？哪里有巨大的秘密？3个人干不掉1个人？够弱的。门和窗户到还挺结实。做梦的时候女主虽然是好心想救家人，但唯一做的好像就是歇斯底里和尖叫，然后看着弱鸡家人被一个个弄死。树树还挺帅！居然是陈晓演的？！然后杀人凶手居然还是妈妈自己绑回去的？,0
2,26292682,神秘家族,Kris,181614931,推荐,2022-08-12,22:47:30,那些说被蓝正龙强奸为什么要反抗的调侃真的非常恶臭。所有违背他人意愿的侵犯都是无比残忍的伤害，跟相貌毫无关系。相反我认为罪犯选角恰到好处，打破观众对性侵犯的刻板印象，相貌财富地位并不能成为犯罪的遮羞布。而众人利用一个罪犯的相貌去调侃受害者的伤痛去嘲笑影片中性侵情节的合理性非常无知，这又是第二次作恶。整个影片较高程度地表现了一个受害者精神自愈的过程，并非如评论所说的那样不堪。,3
2,26292682,神秘家族,泰晤士畔雾聚散,Bruce993427949,较差,2022-08-12,16:03:21,以前看过，没什么意思,0
2,26292682,神秘家族,米小鱼,echo_lqy,较差,2017-06-04,18:13:28,挺好的题材被拍成这样也是醉了。,0
2,26292682,神秘家族,风逝,51038363,较差,2017-04-22,20:18:18,我就想问，这部电影和影片的简介有什么关系，与真实案件又有什么关系？看这简介和演员表才买了票的，结果全程感到不舒服，犯罪片悬疑片惊悚片剧情片？别和我扯没有看懂之类的废话，这种电影尼玛再看不懂我也为你智商捉急，看两遍恐怖游轮再来和我扯。女主一惊一乍全程在作，加一星给惠英红开车撞人。,1
2,26292682,神秘家族,［已 注 销］,whb-119,较差,2017-05-30,17:20:04,韩国导演的失败作品。节奏凌乱得令人发指。,0
2,26292682,神秘家族,我不想学习,159480285,很差,2017-10-11,19:12:19,真实案件很好，就是导演给弄坏了，看到最后也没看懂,0
2,26292682,神秘家族,没有头像,151630892,很差,2017-04-26,08:53:28,不值票钱,0
2,26292682,神秘家族,自说自话的楼,kathyloulou,很差,2017-06-04,22:15:27,什么鬼东西,0
2,26292682,神秘家族,云无心,1381554,很差,2017-05-03,12:09:13,女主在燃烧过的房子里吃着被烧过竟然还完好的冰箱里的过期泡菜，决定好好活下去，可以，这很神秘……（怪不得是韩国导演导出来的片子，这个食物果然是泡菜）这么一个心理题材的片楞是排成恐怖片，还特别炫技，学国外烧脑结果过度用力……来来回回三四次噩梦，看着感觉累，特别是林依晨一惊一乍有点烦,2
